0.0014000000
0.0006000000
0.0018000000
0.0002000000
0.0000000000
0.0000000000
0.0000000000
0.0000000000
0.0000000000
0.0002000000
0.0000000000
0.0000000000
0.0000000000
0.0000000000
0.0000000000
0.0000000000
0.0000000000
0.0000000000
0.0000000000
0.0002000000
0.0000000000
0.0000000000
0.0000000000
0.0060000000
0.7162000000
0.2796000000
0.0000000000
0.0002000000
0.0002000000
0.0000000000
0.0000000000
0.0000000000
0.0000000000
0.0000000000
0.0000000000
0.0000000000
0.0000000000
0.0000000000
0.0000000000
0.0002000000
0.0000000000
0.0000000000
0.0000000000
0.0000000000
0.0000000000
0.0000000000
0.0000000000
0.0002000000
0.0002000000
0.0330000000
0.9718000000
0.0002000000
0.0004000000
0.0000000000
0.0002000000
0.0000000000
0.0002000000
0.0000000000
0.0000000000
0.0000000000
0.0000000000
0.0000000000
0.0000000000
0.0000000000
0.0000000000
0.0000000000
0.0000000000
0.0000000000
0.0000000000
0.0000000000
0.0000000000
0.0004000000
0.0002000000
0.0004000000
0.0552000000
0.9440000000
0.0018000000
0.0000000000
0.0002000000
0.0000000000
0.0000000000
0.0002000000
0.0002000000
0.0002000000
0.0002000000
0.0000000000
0.0000000000
0.0002000000
0.0000000000
0.0000000000
0.0000000000
0.0000000000
0.0000000000
0.0000000000
0.0000000000
0.0000000000
0.0000000000
0.0000000000
0.0002000000
0.0006000000
