-26073.1348327844
-26061.3988637731
-26061.3988637731
-26063.7111831613
-26061.4675525213
-26061.4675525213
-26061.4675525213
-26084.7345350318
-26060.3138452221
-26060.3138452221
-26071.7832196750
-26072.4288668883
-26061.9855357458
-26073.0056272923
-26073.0056272923
-26074.2464786179
-26061.2696582811
-26061.2696582811
-26061.3501055847
-26062.8838886725
-26062.8838886725
-26074.6198576838
-26062.9798690213
-26062.9798690213
-26062.9798690213
-26066.5707587039
-26065.3435199474
-26062.9077743238
-26062.9077743238
-26072.1277540202
-26060.3917850089
-26072.1277540202
-26060.3917850089
-26070.7108566180
-26060.3917850089
-26060.3917850089
-26060.3917850089
-26060.3917850089
-26060.3917850089
-26060.3917850089
-26060.3917850089
-26060.3430209384
-26060.3430209384
-26062.5866515784
-26072.0789899497
-26062.9943826829
-26060.3917850089
-26060.3917850089
-26060.3917850089
-26062.9943826829
-26060.3917850089
-26060.3917850089
-26060.3917850089
-26060.3917850089
-26060.3917850089
-26060.3917850089
-26069.2115175901
-26062.7393999284
-26071.8626560463
-26063.1824757772
-26061.0394077603
-26060.5496990051
-26061.2716091397
-26061.2716091397
-26061.2716091397
-26060.6654051250
-26061.1026721136
-26061.1026721136
-26072.8386411249
-26064.7093704017
-26073.3173698313
-26061.5814008201
-26061.5814008201
-26061.5814008201
-26061.5814008201
-26061.5814008201
-26061.5814008201
-26064.1824893719
-26063.8552290974
-26061.5814008201
-26061.5814008201
-26062.6590093954
-26062.6590093954
-26066.0674268897
-26077.6615960363
-26065.9256270250
-26065.9256270250
-26068.6581847669
-26066.0466747465
-26064.1368469934
-26061.8221754195
-26061.8221754195
-26062.7985800122
-26062.7985800122
-26062.7985800122
-26062.7985800122
-26076.7172844876
-26065.0608307763
-26084.5486457036
-26063.4127307400
-26066.0179956439
-26063.4127307400
-26063.4127307400
-26063.4127307400
-26075.1486997513
-26063.4127307400
-26066.0179956439
-26065.6231563171
-26063.4127307400
-26063.4127307400
-26075.0193067875
-26064.5736086379
-26075.7452405167
-26064.0092715054
-26066.5476678717
-26063.8550401443
-26063.8550401443
-26063.8550401443
-26063.8550401443
-26065.4320640590
-26079.2016705691
-26066.3003941843
-26063.9288335469
-26063.9288335469
-26063.9288335469
-26075.6648025582
-26063.4206809024
-26063.4206809024
-26075.1566499136
-26063.4206809024
-26063.4206809024
-26077.9818416259
-26065.6267182587
-26065.6267182587
-26068.0097547039
-26079.3071522075
-26077.3626872700
-26077.6341359719
-26089.6773749445
-26080.8482593733
-26065.4359229067
-26063.1556475967
-26063.2730100602
-26063.2730100602
-26065.8783717523
-26063.2730100602
-26063.2730100602
-26063.2730100602
-26074.4078616488
-26063.0599469846
-26074.7959159959
-26065.3394237051
-26063.0599469846
-26063.5601209448
-26063.8953502735
-26063.8953502735
-26063.8953502735
-26062.9029274223
-26062.9029274223
-26062.9029274223
-26066.5449542194
-26064.2394361112
-26064.2394361112
-26067.1046410465
-26064.4963611172
-26063.4625348723
-26063.4625348723
-26063.4625348723
-26063.4625348723
-26061.2294712000
-26061.2294712000
-26061.2294712000
-26076.6945320603
-26075.7160994671
-26063.3332454659
-26063.3332454659
-26070.5004696935
-26064.6488155460
-26064.6488155460
-26064.6488155460
-26064.6488155460
-26063.9743965827
-26075.7103655940
-26063.9743965827
-26066.5635105250
-26067.0893676476
-26078.1610511219
-26064.4777108508
-26064.9638252927
-26065.1532009621
-26065.1532009621
-26062.3119094507
-26064.4541875806
-26062.3119094507
-26062.3119094507
-26062.4653722920
-26062.4653722920
-26085.4910232120
-26074.2013413033
-26088.3477857093
-26062.4653722920
-26076.9535783958
-26071.1856470708
-26064.6076504219
-26062.4653722920
-26062.4653722920
-26062.3119094507
-26064.4818294335
-26064.2869063220
-26064.2869063220
-26064.2869063220
-26075.2520915268
-26064.0865074385
-26064.0865074385
-26064.1594950415
-26063.6726467116
-26066.1920412080
-26068.6677592407
-26066.7361260657
-26066.7361260657
-26064.6951599901
-26064.6951599901
-26067.4587207389
-26064.8598106539
-26076.1110437094
-26085.1134406432
-26073.8237587346
-26073.8237587346
-26062.0877897233
-26065.5601362883
-26063.6488883289
-26066.1620995027
-26063.6488883289
-26078.0355373435
-26063.3296830157
-26086.6128526187
-26086.9605042182
-26066.3052710953
-26068.9123707704
-26066.3052710953
-26066.3052710953
-26078.0412401066
-26066.3052710953
-26066.3052710953
-26066.3052710953
-26066.3052710953
-26066.3052710953
-26066.3052710953
-26066.3052710953
-26065.6192555025
-26067.9560818591
-26066.9728934810
-26067.0191345146
-26067.0191345146
-26079.3603268028
-26067.6243577916
-26067.6243577916
-26065.6580482399
-26065.6580482399
-26070.1898875784
-26065.2700953540
-26065.2700953540
-26065.4087835772
-26065.4087835772
-26075.1841050897
-26075.1841050897
-26064.0492870610
-26061.8408052682
-26077.6613723723
-26064.1352748110
-26075.1136524493
-26061.3955873342
-26072.9126493229
-26061.6541585827
-26080.1992612416
-26064.0807289101
-26061.8816213657
-26061.8816213657
-26061.8816213657
-26061.8816213657
-26067.3230525005
-26062.2392787022
-26062.3486696795
-26063.9050067573
-26063.6793514522
-26063.3522873146
-26088.0126946265
-26067.4985712663
-26067.4985712663
-26066.1296175414
-26071.4488937554
-26063.7875854989
-26063.1374873100
-26063.1919733654
-26065.7820428416
-26063.1919733654
-26074.9279423766
-26070.3800233408
-26068.0098389649
-26066.4322810122
-26081.2315815799
-26066.4322810122
-26075.1616584452
-26064.2078749740
-26064.2078749740
-26064.2078749740
-26065.0525117669
-26062.3569374640
-26062.3569374640
-26064.4789698190
-26062.3569374640
-26062.3569374640
-26062.3569374640
-26062.3569374640
-26062.3569374640
-26074.0929064753
-26064.5806753171
-26061.9730661747
-26061.9730661747
-26061.9730661747
-26061.7717961018
-26061.7717961018
-26061.7717961018
-26061.7717961018
-26061.7717961018
-26061.7717961018
-26062.8502714205
-26074.5862404318
-26074.0039979496
-26062.8502714205
-26062.8502714205
-26062.8502714205
-26062.8502714205
-26073.7564674782
-26062.0204984670
-26062.0204984670
-26062.0204984670
-26062.0204984670
-26062.0204984670
-26062.0204984670
-26077.0590337350
-26066.5786995207
-26066.5786995207
-26064.6704956428
-26077.5641654583
-26077.5641654583
-26065.8281964470
-26065.8281964470
-26065.8281964470
-26065.8281964470
-26064.3676387879
-26065.0058001495
-26064.2439645531
-26064.6980996544
-26064.6980996544
-26076.4340686657
-26067.2936973414
-26064.6980996544
-26064.6980996544
-26076.4756239538
-26064.7396549425
-26064.2645539768
-26065.2536784107
-26067.9156491799
-26066.4751804238
-26066.4751804238
-26066.9988582272
-26078.3128043744
-26066.4042488919
-26074.6464201760
-26066.3827258692
-26066.3827258692
-26065.5001369445
-26065.5001369445
-26065.3623305113
-26067.7301031166
-26064.4996943402
-26064.4996943402
-26064.1132098372
-26066.3415937353
-26075.4653644305
-26076.3477208733
-26065.4464539377
-26076.4106357461
-26061.3280773804
-26076.0409861910
-26061.1405519087
-26065.8570664867
-26061.1405519087
-26061.1405519087
-26061.1405519087
-26061.1405519087
-26072.8765209200
-26061.1405519087
-26061.1405519087
-26061.1405519087
-26061.1405519087
-26072.8765209200
-26073.5295042592
-26073.7221142610
-26061.9861452497
-26061.9861452497
-26061.9861452497
-26061.4427637835
-26061.4427637835
-26076.4833886978
-26063.5569096889
-26073.1787327948
-26061.4427637835
-26063.5569096889
-26061.4427637835
-26061.4427637835
-26061.4427637835
-26061.7705855944
-26076.4354476031
-26072.1109719079
-26063.9607816235
-26076.5092832893
-26061.7705855944
-26064.3820943169
-26074.8175853531
-26061.7705855944
-26061.7705855944
-26061.7705855944
-26061.7705855944
-26064.3820943169
-26076.3397879788
-26063.5438307276
-26061.2991630645
-26062.2557346185
-26063.5817017761
-26063.8990752535
-26061.6889405502
-26061.0072911332
-26061.0072911332
-26061.0667004730
-26060.2916193908
-26072.0275884021
-26076.2252192366
-26078.9240978155
-26068.9494223317
-26089.5110279273
-26066.0763474465
-26066.2324356468
-26068.5001561851
-26065.9279191186
-26065.9279191186
-26065.9279191186
-26065.9279191186
-26066.1379118297
-26068.8524836516
-26066.5839927019
-26064.3509580975
-26064.3509580975
-26076.0253627256
-26066.5224283187
-26064.2893937143
-26063.8355119656
-26066.4504877037
-26076.1462067107
-26072.0837727657
-26065.7641787717
-26075.7385731300
-26064.0026041188
-26062.0596861619
-26061.7347333892
-26061.7347333892
-26061.7347333892
-26061.7347333892
-26075.8582493312
-26061.7347333892
-26063.2171729640
-26063.2171729640
-26072.2708872193
-26060.9564152004
-26072.6923842117
-26060.9564152004
-26072.6923842117
-26075.9409491725
-26060.9564152004
-26060.9564152004
-26060.9564152004
-26060.9564152004
-26063.4186640580
-26061.0940240962
-26086.2555841542
-26061.0940240962
-26061.0940240962
-26061.0940240962
-26063.4186640580
-26060.8259270914
-26075.3623042794
-26060.9353176488
-26060.9353176488
-26060.9353176488
-26060.0778529515
-26062.3044708000
-26060.0778529515
-26062.6662778628
-26060.0778529515
-26060.0778529515
-26060.0778529515
-26062.3044708000
-26071.8138219628
-26077.0302115083
-26063.9708319050
-26063.9708319050
-26066.1641596105
-26063.5489481015
-26069.8400225834
-26080.4572495234
-26065.2028981301
-26065.2028981301
-26090.9242613314
-26062.0397634791
-26062.0397634791
-26062.0397634791
-26060.7881355670
-26060.7881355670
-26065.0195496920
-26060.6337803610
-26094.6820504044
-26060.6337803610
-26060.6337803610
-26060.6337803610
-26060.6337803610
-26070.8378551827
-26060.6337803610
-26072.3697493723
-26060.6337803610
-26060.6337803610
-26060.6337803610
-26060.6337803610
-26062.6325477862
-26060.8242626692
-26060.8242626692
-26060.8242626692
-26083.8499135891
-26073.4432990298
-26060.8242626692
-26060.9274674579
-26073.2615252610
-26060.9274674579
-26060.9274674579
-26061.4723726001
-26063.8515371315
-26075.5875061428
-26063.8515371315
-26063.8515371315
-26064.1209516610
-26066.7230202754
-26065.2529324256
-26065.2529324256
-26061.9160703787
-26061.9160703787
-26064.4193547481
-26074.7587735854
-26063.8389843651
-26075.5749533764
-26066.4530564924
-26061.5763278610
-26061.5763278610
-26061.5763278610
-26061.5763278610
-26061.5763278610
-26073.3122968723
-26061.5763278610
-26061.5763278610
-26075.7299016561
-26066.3619753151
-26063.9939326449
-26063.9939326449
-26063.9939326449
-26065.8957915343
-26076.2815578127
-26068.7186589203
-26070.8609104980
-26068.5497735679
-26068.5497735679
-26071.1611992507
-26068.5497735679
-26068.5497735679
-26076.8128523882
-26065.0768833769
-26065.0768833769
-26065.0768833769
-26065.0768833769
-26065.0768833769
-26098.6378494966
-26064.5895794533
-26063.7705081593
-26063.7507987877
-26076.5896561686
-26064.2141659888
-26075.9501350001
-26075.9501350001
-26078.3631412482
-26064.2141659888
-26064.2141659888
-26064.2141659888
-26066.8007210090
-26076.1675797034
-26076.1675797034
-26063.0189051523
-26064.9694164962
-26067.3163129119
-26064.7971225528
-26064.0523276025
-26077.6410003920
-26065.7446350403
-26063.3977386246
-26063.3977386246
-26062.8249870404
-26064.9943816592
-26062.8249870404
-26064.4985642761
-26061.9152002400
-26076.3933839862
-26063.1756257191
-26063.1756257191
-26063.1756257191
-26074.9115947304
-26066.7596103800
-26071.4306604966
-26076.1252526023
-26076.1252526023
-26064.3892835910
-26064.3892835910
-26062.9324249000
-26062.9324249000
-26076.4578377291
-26074.6683939113
-26065.1587384281
-26062.9324249000
-26064.1946439470
-26063.8151759103
-26063.8151759103
-26065.9849999585
-26063.8151759103
-26063.8151759103
-26063.8151759103
-26077.5155231437
-26065.7209806701
-26065.7209806701
-26063.9622800677
-26065.2098951939
-26066.8751879774
-26064.8410663936
-26076.3100380651
-26075.6915978344
-26067.4300058199
-26064.8410663936
-26064.8410663936
-26064.8410663936
-26077.3169685977
-26064.8410663936
-26064.3246276295
-26064.9222422365
-26066.9777417588
-26066.0434607579
-26067.4834561922
-26065.4493346083
-26067.4834561922
-26068.0187464143
-26065.4493346083
-26065.4493346083
-26065.4493346083
-26065.4493346083
-26065.4493346083
-26065.9416339746
-26065.9416339746
-26065.9416339746
-26069.5021344780
-26065.3964008751
-26064.8797470585
-26064.8797470585
-26067.9182709216
-26077.4926471601
-26065.8872815445
-26079.4067206210
-26065.8872815445
-26065.8872815445
-26065.8872815445
-26065.8872815445
-26068.5008070960
-26065.5590986825
-26063.3640955902
-26063.3640955902
-26065.5590986825
-26063.3640955902
-26063.3640955902
-26076.7640691054
-26066.2823247345
-26066.2823247345
-26066.2823247345
-26070.5904665358
-26070.5904665358
-26070.9986041042
-26067.9642505011
-26067.9642505011
-26070.3037956621
-26067.9642505011
-26067.9642505011
-26069.2874646988
-26069.4821018042
-26081.2180708155
-26069.4821018042
-26069.4821018042
-26069.4821018042
-26076.0150197625
-26062.6045546628
-26062.6045546627
-26072.8467433015
-26066.0266577747
-26066.0266577747
-26068.6286566624
-26066.0266577747
-26068.1748680262
-26066.4116398760
-26066.4116398760
-26066.4116398760
-26068.4763405188
-26068.4763405188
-26072.8646113741
-26073.3138079728
-26062.6465445393
-26064.8191947942
-26063.9467056467
-26063.9467056467
-26063.9467056467
-26064.0088653396
-26060.5968569178
-26072.3328259291
-26062.7685527416
-26060.5968569178
-26060.5968569178
-26072.3328259291
-26060.5968569178
-26063.2016003043
-26060.5968569178
-26060.9828224826
-26060.9828224826
-26060.9068181003
-26060.9068181003
-26075.9380029067
-26076.5857906234
-26060.9068181003
-26060.9068181003
-26063.5553390488
-26060.9423870941
-26060.9423870941
-26063.5553390488
-26063.1140829179
-26062.7082342798
-26060.6143028866
-26060.6143028866
-26060.6143028866
-26063.0130076161
-26072.5185518370
-26060.8433049883
-26060.8433049883
-26062.9982538497
-26060.8433049883
-26063.3735957699
-26060.8433049884
-26088.8497778539
-26060.8433049883
-26060.8433049883
-26060.8433049883
-26060.8433049883
-26062.9982538497
-26061.0150671288
-26061.8555578951
-26061.8555578951
-26073.5915269064
-26062.4086161149
-26064.9221646272
-26064.5504399953
-26062.4218054301
-26062.4218054301
-26071.6732766984
-26062.4218054301
-26062.4218054301
-26064.7239259130
-26062.4218054301
-26062.4218054301
-26062.4218054301
-26074.1577744414
-26062.4218054301
-26062.4218054301
-26062.4218054301
-26075.1117157716
-26062.4218054301
-26062.4218054301
-26067.3213688389
-26063.5456092996
-26060.9599295811
-26060.9599295811
-26060.9599295811
-26060.5487121706
-26063.1343918891
-26060.5487121706
-26083.5743630906
-26060.5487121706
-26060.5487121706
-26060.5487121706
-26060.0546735052
-26060.0546735052
-26060.0546735052
-26071.7906425165
-26062.3715627298
-26060.0546735052
-26060.0546735052
-26074.0799670084
-26068.9114705948
-26060.0546735052
-26060.8581508752
-26063.4482203514
-26060.8581508752
-26060.8581508752
-26060.8581508752
-26074.2512224939
-26060.8581508752
-26060.8581508752
-26060.8581508752
-26060.8581508752
-26060.8581508752
-26060.8581508752
-26062.9999747556
-26060.8581508752
-26060.8581508752
-26060.8581508752
-26060.8581508752
-26060.8581508752
-26060.8581508752
-26062.9999747556
-26060.8581508752
-26062.9999747556
-26060.8581508752
-26062.5859729175
-26073.9393189812
-26079.0681636505
-26073.9393189812
-26062.5737185119
-26062.7381579474
-26062.7381579474
-26064.6636871916
-26073.9893910030
-26073.9893910030
-26062.2534219917
-26062.2534219917
-26062.2534219917
-26062.2534219917
-26073.9893910030
-26065.3320833597
-26065.3320833597
-26067.5619439741
-26065.2043994085
-26064.5497554972
-26077.4013973594
-26064.0327872774
-26064.0327872774
-26075.7687562887
-26066.6296300635
-26078.8773084940
-26064.5501763592
-26063.3207704665
-26063.3207704665
-26063.3207704665
-26063.3207704665
-26063.3207704665
-26075.0567394777
-26072.0601031789
-26060.3241341677
-26060.3241341677
-26062.9074923894
-26060.3241341677
-26062.9074923894
-26060.9832405852
-26062.9646455991
-26062.9646455991
-26062.9646455991
-26062.9646455991
-26062.9646455991
-26063.0771758400
-26063.0771758400
-26077.6283642194
-26063.9844826877
-26084.8644165121
-26064.0920403570
-26075.8280093683
-26088.2129407689
-26064.0920403570
-26066.6004186229
-26062.7950329191
-26064.2851618808
-26064.2851618808
-26062.7950329191
-26062.7950329191
-26064.2052551091
-26064.1552534976
-26063.5483734290
-26061.3686491846
-26061.3686491846
-26062.4003440505
-26074.1363130618
-26062.4003440505
-26062.4003440505
-26071.5773429063
-26062.4003440505
-26062.4003440505
-26062.1740110616
-26062.1740110616
-26062.1740110616
-26064.3915766146
-26062.1740110616
-26063.5534408327
-26063.5534408327
-26063.5534408327
-26066.1542408953
-26063.5534408327
-26088.9604058719
-26062.9187710352
-26062.9187710352
-26062.3592137567
-26062.3592137567
-26063.9065849322
-26061.0601592708
-26061.0601592708
-26072.7961282821
-26072.7961282821
-26084.0858101907
-26072.7961282821
-26063.1745369485
-26072.7961282821
-26072.7961282821
-26077.0799106525
-26062.2541032290
-26063.0950782486
-26063.0950782486
-26063.0950782486
-26062.8763947054
-26063.2621540522
-26065.4522521700
-26063.2621540522
-26063.2621540522
-26068.9895562392
-26075.9855245685
-26067.3915033452
-26067.3915033452
-26062.3852313277
-26062.3852313277
-26062.3852313277
-26062.3852313277
-26062.3852313277
-26062.3852313277
-26062.3852313277
-26062.3852313277
-26062.3852313277
-26062.3852313277
-26062.9606680241
-26062.9606680241
-26073.5691043848
-26073.5691043848
-26061.8331353735
-26061.8331353735
-26061.9561169848
-26061.9561169848
-26061.9561169848
-26061.9561169848
-26061.9561169848
-26061.9561169848
-26061.9561169848
-26062.3391050751
-26074.0750740864
-26062.3391050751
-26062.3391050751
-26062.3391050751
-26061.2300528161
-26061.2300528161
-26061.2300528161
-26061.8931151119
-26064.1533784575
-26061.8931151119
-26061.5885529263
-26063.7625167821
-26065.0439688904
-26067.6559992896
-26065.0439688904
-26065.0439688904
-26065.0439688904
-26065.0093960961
-26074.5016470184
-26062.7656780071
-26065.0093960961
-26064.8551190818
-26064.4489872240
-26077.2346870796
-26062.2052691349
-26073.9412381462
-26062.2052691349
-26062.2052691349
-26061.8967259773
-26061.8710305300
-26061.7694056855
-26061.7694056855
-26061.7694056855
-26061.7694056855
-26061.7694056855
-26061.7694056855
-26061.7694056855
-26062.7933997034
-26064.9840393606
-26065.3903990900
-26062.7933997034
-26062.7933997034
-26062.7933997034
-26063.0620342324
-26063.0620342324
-26063.0620342324
-26061.5316034521
-26061.5316034521
-26061.5316034521
-26061.5316034521
-26064.1330323987
-26063.8121036460
-26075.5480726572
-26063.8121036460
-26073.8428675446
-26064.7159781666
-26073.8428675446
-26064.7159781666
-26064.7159781666
-26062.1068985333
-26062.1068985333
-26062.1068985333
-26062.1068985333
-26065.6090040091
-26086.0497163688
-26063.0240654489
-26063.0240654489
-26070.1284320327
-26062.0328288356
-26062.0328288356
-26062.0328288356
-26062.0328288356
-26062.0328288356
-26062.0328288356
-26062.0328288356
-26062.0328288356
-26061.5890413629
-26071.1119656660
-26064.4601587934
-26065.1934357040
-26062.5916337816
-26062.5916337816
-26062.5916337816
-26064.6937781176
-26065.4627731719
-26065.4627731719
-26065.4627731719
-26065.4627731719
-26065.4627731719
-26065.4627731719
-26065.4627731719
-26063.7875773666
-26063.7875773666
-26063.7875773666
-26063.3526631207
-26063.3526631207
-26075.0886321320
-26063.3526631207
-26063.3526631207
-26065.5531417606
-26063.3526631207
-26073.0616176490
-26061.3256486377
-26072.6280341740
-26072.9486238107
-26072.9486238107
-26061.2126547995
-26063.8190017028
-26063.4300033619
-26063.4300033619
-26063.4300033619
-26063.4300033619
-26078.3547161721
-26066.6187471608
-26067.8274013828
-26065.2121928561
-26067.8274013828
-26067.1950070012
-26067.1950070012
-26078.9309760125
-26063.4300033619
-26064.2424734709
-26061.9660310799
-26061.9660310799
-26061.9660310799
-26061.9660310799
-26061.9660310799
-26061.9660310799
-26061.9660310799
-26061.9660310799
-26061.9660310799
-26061.9660310799
-26063.8453577857
-26063.3056389699
-26063.3056389699
-26068.1760766353
-26063.3056389699
-26063.2508686706
-26063.2508686706
-26087.9749912059
-26078.2605908855
-26067.3137842111
-26064.9317708823
-26064.9317708823
-26076.6677398936
-26072.8195130712
-26063.0993295224
-26063.8288094703
-26063.8288094703
-26075.5606224886
-26075.8345950783
-26064.0986260670
-26063.3005915792
-26074.6128272421
-26072.6040672160
-26063.4825737583
-26072.6040672160
-26072.6040672160
-26060.8680982048
-26063.0866282486
-26060.8680982048
-26063.0866282486
-26072.6040672160
-26061.5893433271
-26064.1276537542
-26064.5149148745
-26073.3511317168
-26061.6151627055
-26060.6365494341
-26072.3725184454
-26083.6622003540
-26060.6365494341
-26060.6365494341
-26060.6365494341
-26060.6365494341
-26060.6365494341
-26060.6365494341
-26060.6365494341
-26060.6365494341
-26060.6365494341
-26061.2427084203
-26061.7511694135
-26061.7511694135
-26073.4508454860
-26063.9331049839
-26074.2306248274
-26062.4946558161
-26062.4946558161
-26065.0862526347
-26062.4946558161
-26071.4127764220
-26069.9899717092
-26064.2410760494
-26063.9348028029
-26062.3544582806
-26075.3387665270
-26084.6946993115
-26061.6690483916
-26062.8019847707
-26062.8019847707
-26063.4197045686
-26084.9960544566
-26064.7345806806
-26076.3178979745
-26064.5819289633
-26063.0822175757
-26063.0822175757
-26065.4358120048
-26063.0822175757
-26063.0822175757
-26065.6757628411
-26065.2751098932
-26065.2751098932
-26065.2751098932
-26065.2751098932
-26078.4790595651
-26064.3193527213
-26062.9192810401
-26065.0495907131
-26077.8166202206
-26063.6077912819
-26064.9673815953
-26067.3255152279
-26064.6954193200
-26066.2601577340
-26063.9020241014
-26063.9020241014
-26063.9020241014
-26066.3972670087
-26074.7673624632
-26063.9020241014
-26066.7554139594
-26060.4579973030
-26074.1272807054
-26062.3913116942
-26062.3913116942
-26074.1272807054
-26074.1272807054
-26062.3913116942
-26064.9787898290
-26062.3913116942
-26062.3913116942
-26064.9787898290
-26071.5527656612
-26062.9529726756
-26060.3585122723
-26065.2466543269
-26060.3585122723
-26060.3585122723
-26060.3585122723
-26062.9529726756
-26060.3585122723
-26060.3585122723
-26060.3585122723
-26060.6277641016
-26060.6277641016
-26083.6534150216
-26062.9214457530
-26060.5607199458
-26060.5607199458
-26060.5607199458
-26072.2966889571
-26060.5607199458
-26061.4728526570
-26061.4728526570
-26061.4728526570
-26061.8563302778
-26073.5922992890
-26073.5922992890
-26064.4675427829
-26064.4675427829
-26064.1500119291
-26073.5922992890
-26071.8194069857
-26060.0834379744
-26060.0834379744
-26071.8194069857
-26071.8194069857
-26069.0008506615
-26071.8194069857
-26071.8194069857
-26060.0834379744
-26059.5977786006
-26062.1866947206
-26060.7861165667
-26061.9380366018
-26061.9380366018
-26064.2249359130
-26061.9380366018
-26087.8395193921
-26061.9380366018
-26061.9380366018
-26061.5508425053
-26064.3768505702
-26079.5039769773
-26061.7883595754
-26073.5243285866
-26061.7883595754
-26061.7883595754
-26061.9418251336
-26076.5185063274
-26061.6147297875
-26061.6147297875
-26085.9853559489
-26073.3506987988
-26061.6147297875
-26062.3077056350
-26062.4328686386
-26065.1275984141
-26070.2294058313
-26077.9730886785
-26077.9730886785
-26065.9280671417
-26065.9280671417
-26065.9280671417
-26064.9002800255
-26064.9002800255
-26061.0067019431
-26061.0067019431
-26061.0067019431
-26061.5290525847
-26064.0795882333
-26061.5290525847
-26061.5290525847
-26066.3185427830
-26076.1399014290
-26080.2757215805
-26063.5352918658
-26063.8443276061
-26075.5802966173
-26078.4505527839
-26065.2032095271
-26065.0897489245
-26062.8537375672
-26060.9033030450
-26060.9864816268
-26060.9864816268
-26060.9864816268
-26064.0126176781
-26060.9864816268
-26060.9864816268
-26060.9864816268
-26063.4890519935
-26060.9864816268
-26060.9864816268
-26060.9864816268
-26084.0121325467
-26060.9864816268
-26075.1047602845
-26072.7224506381
-26060.9864816268
-26075.3915125467
-26075.3915125467
-26062.5354902884
-26074.2714592996
-26074.2714592996
-26065.0380606550
-26061.4843457463
-26063.7698547657
-26061.4843457463
-26073.2203147576
-26061.4843457463
-26061.4843457463
-26061.0763837084
-26061.0763837084
-26084.1020346283
-26069.7142486506
-26076.6568215157
-26085.8153874488
-26062.7897365289
-26062.6818019947
-26063.9120075910
-26063.9120075910
-26063.9120075910
-26066.4700051251
-26062.4757859328
-26062.4757859328
-26062.4757859328
-26061.0879975821
-26061.0879975821
-26061.0879975821
-26072.7617167674
-26063.6238892764
-26061.0257477561
-26061.0257477561
-26072.7617167674
-26073.1374983971
-26061.0647866410
-26071.6798509764
-26077.4493319849
-26065.7133629737
-26075.9720643087
-26080.9988310140
-26065.7133629737
-26067.7556290723
-26067.7556290723
-26064.8259652163
-26064.8259652163
-26061.2864284110
-26061.2864284110
-26073.0223974223
-26063.5878293659
-26074.1382226336
-26062.4022536223
-26062.4022536223
-26066.8395920999
-26061.6993804570
-26061.8712678603
-26061.8712678603
-26061.3748290552
-26076.0366036954
-26061.3748290552
-26063.6917339227
-26061.3748290552
-26063.2966223200
-26063.2966223200
-26065.5987535906
-26063.5749542675
-26063.5749542675
-26060.9272121404
-26085.5756387050
-26061.4233470291
-26061.4233470291
-26061.4233470291
-26062.9215928734
-26062.9215928734
-26077.3382817375
-26062.9215928734
-26062.9215928734
-26062.9215928734
-26062.9215928734
-26063.1144300383
-26063.1144300383
-26076.6858956460
-26062.2912319478
-26063.7871879920
-26063.7871879920
-26085.2303189430
-26064.3466245611
-26074.9407459750
-26062.2046680231
-26062.2046680231
-26064.3466245611
-26062.2046680231
-26062.2046680231
-26062.2046680231
-26062.2046680231
-26064.7933335595
-26085.3148754206
-26064.2327891324
-26064.2327891324
-26061.3992588381
-26073.1352278493
-26062.5143028621
-26065.1872758291
-26074.5743957956
-26077.7709204656
-26062.8384267844
-26062.4457977607
-26064.6057915055
-26064.9491752501
-26064.9652991934
-26062.9386411402
-26062.9386411402
-26062.9386411402
-26062.9386411402
-26071.6930290251
-26064.1384181762
-26064.1384181762
-26064.1384181762
-26064.1384181762
-26064.1384181762
-26064.1384181762
-26066.5287007824
-26066.5287007824
-26066.5287007824
-26065.3437186549
-26065.3437186549
-26065.3437186549
-26067.9378779150
-26065.3437186549
-26064.9915404006
-26064.5805381399
-26064.5805381399
-26064.4926610573
-26066.3938186659
-26064.0090072783
-26064.0090072783
-26064.0090072783
-26064.0090072783
-26064.0090072783
-26063.4632457655
-26063.4632457655
-26075.1992147768
-26062.1958099489
-26065.7863105968
-26063.1977954712
-26074.9337644825
-26063.1529741290
-26063.1529741290
-26064.6829068182
-26074.2890318325
-26064.5192056490
-26064.5192056490
-26064.5192056490
-26078.6981674176
-26064.5192056490
-26087.5448565689
-26064.9913030227
-26065.1247938174
-26076.8607628287
-26077.8831550664
-26076.8514524668
-26065.1154834555
-26065.1154834555
-26065.1154834555
-26062.2103853448
-26062.2103853448
-26073.9463543561
-26076.4142530050
-26060.4117700959
-26060.4117700959
-26060.4117700959
-26083.4374210158
-26072.4720851468
-26070.2961137137
-26072.3026626922
-26062.7937146424
-26062.7937146424
-26060.5666936809
-26062.4857446277
-26063.4084164556
-26060.8359055715
-26074.8322032161
-26083.9329437676
-26061.7067524539
-26073.4427214651
-26061.4423978509
-26061.3971051239
-26074.1741493426
-26062.0967460976
-26061.2258992152
-26078.5036127574
-26061.2258992152
-26061.2258992152
-26063.8356631574
-26063.4529201768
-26062.4101368161
-26060.5715509685
-26060.5715509685
-26070.7036847245
-26060.5715509685
-26060.5715509685
-26060.5715509685
-26072.3075199798
-26060.5715509685
-26060.5715509685
-26062.7985719300
-26061.4423978509
-26061.4423978509
-26061.8731542909
-26061.8731542909
-26074.1391579394
-26062.4031889281
-26062.4031889281
-26064.7281710685
-26074.1391579394
-26062.4031889281
-26074.1391579394
-26074.1391579394
-26062.4031889281
-26085.4288398481
-26062.4031889281
-26065.6569984089
-26063.4035969666
-26062.8834943266
-26076.5525088900
-26064.8165398787
-26064.8165398787
-26062.0577306007
-26073.7936996120
-26064.3111320431
-26064.6640775041
-26062.0577306007
-26062.0577306007
-26062.0577306007
-26062.0577306007
-26060.9093830423
-26060.9093830423
-26060.9093830423
-26060.9093830423
-26059.8438908032
-26059.8438908032
-26059.8438908032
-26059.8438908032
-26059.8438908032
-26059.8438908032
-26059.8438908032
-26059.8438908032
-26059.8438908032
-26062.0244212683
-26059.8438908032
-26059.8438908032
-26059.8438908032
-26059.8438908032
-26059.8438908032
-26059.8438908032
-26059.8438908032
-26059.8438908032
-26062.4503493329
-26071.5798598145
-26074.4716256693
-26071.5798598145
-26059.8438908032
-26059.8438908032
-26059.8438908032
-26059.8438908032
-26059.8438908032
-26059.8438908032
-26059.8438908032
-26074.5281025348
-26064.6489680071
-26084.7189874472
-26061.6933365273
-26087.5436101768
-26061.9104424084
-26061.9104424084
-26061.9104424084
-26061.9104424084
-26061.9104424084
-26073.6464114197
-26072.1409543327
-26072.2151056267
-26073.6464114197
-26073.7969281343
-26061.9104424084
-26061.9104424084
-26064.4986959265
-26064.4986959265
-26061.9104424084
-26072.3947827217
-26070.1337653661
-26072.9305908927
-26061.9104424084
-26061.9104424084
-26061.9104424084
-26061.9104424084
-26061.9104424084
-26063.4303273199
-26061.2126547994
-26061.2126547994
-26076.4828051895
-26061.2126547994
-26061.2126547994
-26061.2126547994
-26072.9486238107
-26061.2126547994
-26061.2126547994
-26074.1429141108
-26061.2126547994
-26061.2126547994
-26063.8190017028
-26059.8409862036
-26062.4260530299
-26059.8409862036
-26071.5769552149
-26071.4162463455
-26061.5386715876
-26073.2746405989
-26061.5386715876
-26059.7952295234
-26061.9773766568
-26061.9773766568
-26062.9663807739
-26060.7848752706
-26060.7848752706
-26072.5208442819
-26072.5208442819
-26062.9663807739
-26060.7848752706
-26062.9663807739
-26069.3403560087
-26061.7105589910
-26061.7105589910
-26061.7105589910
-26063.8920644943
-26061.7105589910
-26061.0198395888
-26063.2013450921
-26063.2013450921
-26061.5955185070
-26061.5955185070
-26061.5955185070
-26061.5955185070
-26064.5543859179
-26073.4671920768
-26076.7312600962
-26062.3922073501
-26067.5963409457
-26065.1953417280
-26076.9313107393
-26065.1953417280
-26063.9798825647
-26066.3542996881
-26077.7504764789
-26070.7838991108
-26080.8880789810
-26063.7105206051
-26064.1204782992
-26076.7381865504
-26074.9841448775
-26063.2481758662
-26062.9477134386
-26065.5465437388
-26062.9477134386
-26063.1117769856
-26072.4712197066
-26062.4502345624
-26074.1862035737
-26062.4502345624
-26062.4502345624
-26071.8361673199
-26061.7834734884
-26061.3994828973
-26061.8303104507
-26074.1887154883
-26062.4527464770
-26063.8594906652
-26087.6338509456
-26061.4846253186
-26061.4846253186
-26061.4846253186
-26061.4846253186
-26073.2205943299
-26061.4846253186
-26060.4314016529
-26072.1673706642
-26063.0152299394
-26060.4314016529
-26060.4314016529
-26075.0038127384
-26061.8597420590
-26061.8597420590
-26061.8597420590
-26061.8597420590
-26064.4622786661
-26061.8597420590
-26064.2319683307
-26064.4882544083
-26061.8963804340
-26092.4021659715
-26061.8963804340
-26064.1127635396
-26061.8963804340
-26061.0112156962
-26061.3393831171
-26061.3393831171
-26073.0753521284
-26061.3393831171
-26070.0527521766
-26073.0753521284
-26073.0753521284
-26061.3393831171
-26061.3393831171
-26061.3393831171
-26063.6400952508
-26061.3393831171
-26074.6148444145
-26064.3899946046
-26076.2546853222
-26061.8091385010
-26061.8091385010
-26061.8091385010
-26064.3899946046
-26061.8091385010
-26061.8091385010
-26061.8091385010
-26074.3019454969
-26093.7808469974
-26071.8879266746
-26061.8091385010
-26073.3261984250
-26063.7893681949
-26061.5902294137
-26066.3702242985
-26060.9272121405
-26062.3568857820
-26096.4051558254
-26062.3568857820
-26064.8995682492
-26062.3568857820
-26061.0471241035
-26071.2796263652
-26065.3607305041
-26063.0452083023
-26063.0452083023
-26063.0452083023
-26065.3607305041
-26063.0452083023
-26060.6647049399
-26072.4006739512
-26069.2106891790
-26060.6647049399
-26060.6647049399
-26060.6634506192
-26060.6634506192
-26060.6634506192
-26060.6634506192
-26060.6634506192
-26074.5251407889
-26065.3915542198
-26061.7837733975
-26061.7837733975
-26065.2702453552
-26065.6836460950
-26062.7152779877
-26062.7152779877
-26064.2406524636
-26075.9766214749
-26063.3496004705
-26063.3496004705
-26061.6709984084
-26061.6709984084
-26061.6709984084
-26061.6709984084
-26061.1231256353
-26061.1231256353
-26061.1231256353
-26061.1231256353
-26061.9392726180
-26061.9392726180
-26072.7372251072
-26084.0269070159
-26063.1542554592
-26062.0139617834
-26062.0139617834
-26062.0139617834
-26073.3760468322
-26062.0139617834
-26072.7525881858
-26061.0166191745
-26061.0166191745
-26061.0166191745
-26061.0166191745
-26074.2865379962
-26062.5505689849
-26074.2865379962
-26074.2865379962
-26074.2865379962
-26063.3120433729
-26063.3120433729
-26063.3120433729
-26063.3120433729
-26063.6166587504
-26067.4311717251
-26076.5527730325
-26064.8168040213
-26086.7866974413
-26063.7610465213
-26065.1166146012
-26065.1166146012
-26065.1166146012
-26065.5076891684
-26062.9022750829
-26060.4574251673
-26060.4574251673
-26072.1933941786
-26060.7010473359
-26062.8741739591
-26060.7010473359
-26060.7010473359
-26060.7010473359
-26060.7010473359
-26060.7010473359
-26060.7010473359
-26072.1843030422
-26060.4483340309
-26060.4483340309
-26060.0610729106
-26060.0610729106
-26074.1006006374
-26060.0610729106
-26077.5812750841
-26063.1255930805
-26060.9070630366
-26063.1255930805
-26060.9070630366
-26060.9070630366
-26060.9070630366
-26060.9070630366
-26060.9070630366
-26060.9070630366
-26060.9070630366
-26060.9070630366
-26072.6430320479
-26072.6430320479
-26083.8565133234
-26070.6562542688
-26060.2492883138
-26061.8751009066
-26061.8751009066
-26061.9505753277
-26061.9505753277
-26061.9505753277
-26062.1239370387
-26062.2318715729
-26062.2318715729
-26062.8040277717
-26072.2544877636
-26060.5185187523
-26060.4430394585
-26060.4430394585
-26072.1790084697
-26062.6434879290
-26064.1417582926
-26063.8248732434
-26064.3407353576
-26064.3407353576
-26064.3407353576
-26063.9326278048
-26066.3038885130
-26086.7262504980
-26063.7005995781
-26063.7005995781
-26063.7005995781
-26064.7417029758
-26064.7417029758
-26064.5996178219
-26064.2866994696
-26064.2866994696
-26064.2866994696
-26063.2455784139
-26065.6063462189
-26074.9815474252
-26063.2455784139
-26064.6200249697
-26064.6200249697
-26074.8533518038
-26063.1173827925
-26076.4986118367
-26064.4936320278
-26064.4936320278
-26065.6106801557
-26063.8458184089
-26062.9031751459
-26065.8946277333
-26063.1082938542
-26062.6160346349
-26062.6160346349
-26065.1318631565
-26062.6160346349
-26062.6160346349
-26062.2506359978
-26062.2506359978
-26078.1644114938
-26063.1253921584
-26063.1253921584
-26063.1253921584
-26090.1240983986
-26067.0984474787
-26067.0984474787
-26078.8344164900
-26069.5126521624
-26071.6808028118
-26069.5126521624
-26083.5688374220
-26081.2486211737
-26070.6418813873
-26066.9656975006
-26064.7786199983
-26079.4178258063
-26083.3482764145
-26064.7786199983
-26064.7786199983
-26067.3201054108
-26065.9937148662
-26063.6982640313
-26064.2528782835
-26064.2528782835
-26087.3137784430
-26078.3197657852
-26070.6631061351
-26062.9284206432
-26062.9284206432
-26062.9284206432
-26062.9284206432
-26065.1994159558
-26062.9284206432
-26062.9284206432
-26062.9284206432
-26065.9284046997
-26067.9626071128
-26065.9284046997
-26066.2454087397
-26066.2454087397
-26066.2454087397
-26066.2454087397
-26066.2454087397
-26063.7600700891
-26076.4931441701
-26063.7600700891
-26073.5185836518
-26070.8193752114
-26060.3955224505
-26060.3955224505
-26081.7861745965
-26060.3955224505
-26060.3955224505
-26062.6494185286
-26060.3955224505
-26060.3955224505
-26060.7140926014
-26060.7140926014
-26062.9679886795
-26060.7140926015
-26060.7140926015
-26062.9679886795
-26060.7140926015
-26060.7140926015
-26060.7140926015
-26060.7140926015
-26063.2095769944
-26060.3417541748
-26060.3417541748
-26060.3417541748
-26060.2891368685
-26062.8695129871
-26073.7537720624
-26062.5512861986
-26062.8695129871
-26062.5512861986
-26059.9095891249
-26059.9095891249
-26059.9095891249
-26071.6455581362
-26059.9095891249
-26059.9095891249
-26059.9095891249
-26071.6455581362
-26059.9095891249
-26059.9095891249
-26059.9095891249
-26059.9095891249
-26071.6455581362
-26078.5845857442
-26069.6570367623
-26067.2949038355
-26071.1898242142
-26062.1717384551
-26062.4980140362
-26059.9095891249
-26061.3696775009
-26069.7410090594
-26073.1056465122
-26061.7901577266
-26061.7901577266
-26079.9352985630
-26068.6456166543
-26067.8700571901
-26060.0196279984
-26062.2817773285
-26060.0196279984
-26060.0196279984
-26060.0196279984
-26062.2817773285
-26060.0196279984
-26063.6317882988
-26063.6317882988
-26073.5042144367
-26063.6317882988
-26078.6483197024
-26063.6317882988
-26075.3677573101
-26063.6317882988
-26065.7517736076
-26063.3750329701
-26061.5158548422
-26064.1032700539
-26073.2518238535
-26076.9512991196
-26062.2910753078
-26064.3612851271
-26073.7557883349
-26062.0198193236
-26061.1607462162
-26063.3321445475
-26071.7269023991
-26061.1607462162
-26072.8967152274
-26065.9169507464
-26074.8286674334
-26061.1607462162
-26061.1607462162
-26061.1607462162
-26061.1607462162
-26077.8942677141
-26061.1607462162
-26061.1607462162
-26061.1607462162
-26061.1607462162
-26061.1607462162
-26061.1607462162
-26063.3321445475
-26061.1607462162
-26061.1607462162
-26061.1607462162
-26061.1607462162
-26061.1607462162
-26061.1607462162
-26063.3321445475
-26061.1607462162
-26061.1607462162
-26062.6130845490
-26060.3051264242
-26062.6130845490
-26074.6404792076
-26061.2235182967
-26082.0876233866
-26059.8011619428
-26059.8011619428
-26069.5138044947
-26059.8011619428
-26072.6967191201
-26060.0785012676
-26071.8144702789
-26060.5736620742
-26060.5736620742
-26063.1610772860
-26060.5736620742
-26060.5736620742
-26060.5736620742
-26060.5736620742
-26060.5736620742
-26060.5736620742
-26060.9451167758
-26063.1265018135
-26072.6810857871
-26060.9451167758
-26060.9451167758
-26060.9451167758
-26060.9451167758
-26060.9451167758
-26060.9451167758
-26060.9451167758
-26060.9451167758
-26072.6810857871
-26061.1743872867
-26061.1743872867
-26061.1743872867
-26061.1743872867
-26061.1743872867
-26072.9103562979
-26062.1774537925
-26062.1774537925
-26064.5097239381
-26064.5097239381
-26064.5097239381
-26082.7355928540
-26062.1774537925
-26073.9134228038
-26073.8566076565
-26065.0733857442
-26074.4548532192
-26085.7445351279
-26069.7397866672
-26070.5167650830
-26062.7188842079
-26080.1911421407
-26060.4064750503
-26060.4064750503
-26062.5884106206
-26061.1758506698
-26061.1758506698
-26063.3577862401
-26061.1758506698
-26061.2553593251
-26072.9913283364
-26061.2553593251
-26061.2553593251
-26061.2553593251
-26060.7588424406
-26060.7588424406
-26060.7588424406
-26062.9769270368
-26060.9119836214
-26060.9119836214
-26084.0866986166
-26061.0610476967
-26061.0610476967
-26061.0610476967
-26063.6660536580
-26061.0610476967
-26061.0610476967
-26061.0610476967
-26072.7970167080
-26061.0610476967
-26061.0610476967
-26061.0610476967
-26073.8886349989
-26062.1526659876
-26062.1526659876
-26077.2436289767
-26065.5076599655
-26063.7990136580
-26063.7990136580
-26065.2634572990
-26065.2634572990
-26088.2891082189
-26065.2634572990
-26067.8386838897
-26076.9994263103
-26065.2634572990
-26065.2634572990
-26076.9994263103
-26065.2634572990
-26065.2634572990
-26065.3534710151
-26077.0894400264
-26065.3534710151
-26077.0894400264
-26064.2541143014
-26064.2698559455
-26073.4143776852
-26064.2698559455
-26064.2698559455
-26065.6842675008
-26074.6304595986
-26062.8944905873
-26063.9044110653
-26061.1545048186
-26061.1545048186
-26061.1545048186
-26061.1545048186
-26063.3802774198
-26060.9576727839
-26060.9576727839
-26063.1986690637
-26063.1986690637
-26063.3979727929
-26075.1339418041
-26063.3979727929
-26063.3979727929
-26066.1625802606
-26063.9193722644
-26075.0499298291
-26063.3139608178
-26075.0499298291
-26063.3139608178
-26063.6150331316
-26076.1746966301
-26064.5905201834
-26065.9539087719
-26078.5087772917
-26080.3122953922
-26066.7728082804
-26081.0900617529
-26066.7728082804
-26066.7728082804
-26080.6126950450
-26066.8205178669
-26064.6487391490
-26064.6487391490
-26064.6487391490
-26064.6487391490
-26061.8049344277
-26073.5409034389
-26061.8049344277
-26071.0808826025
-26061.8049344277
-26063.9767131455
-26061.8049344277
-26073.5409034389
-26061.8049344277
-26061.4443568412
-26061.4443568412
-26061.4443568412
-26061.4443568412
-26061.4443568412
-26061.4443568412
-26065.5396029126
-26068.0415614902
-26061.8049344277
-26061.8049344277
-26073.5409034389
-26061.8049344277
-26061.8765164929
-26061.8765164929
-26061.8765164929
-26064.0482952107
-26064.4812557456
-26062.2099401920
-26062.2099401920
-26062.2099401920
-26062.2099401920
-26080.3248511068
-26062.2099401920
-26062.2099401920
-26062.2099401920
-26062.2099401920
-26061.8739224275
-26061.8739224275
-26064.4726156446
-26073.6098914388
-26064.1829464149
-26064.0469699452
-26073.4739149691
-26061.7379459579
-26061.7379459579
-26061.7379459579
-26061.7379459579
-26073.7923722145
-26065.7563788807
-26065.7563788807
-26062.2048337226
-26064.5587490541
-26064.5587490541
-26086.7801828620
-26075.4905009534
-26063.7545319421
-26063.7545319421
-26063.5235554541
-26063.5235554541
-26063.0310739116
-26075.7037393977
-26063.9806202869
-26063.9806202869
-26075.7165892982
-26063.9806202869
-26064.1692670439
-26062.2602930093
-26073.9962620206
-26075.9970345462
-26077.3600982219
-26062.6439435007
-26062.6439435007
-26063.9766634895
-26063.9766634895
-26075.7126325007
-26074.1168383395
-26064.0487606132
-26064.0487606132
-26064.0487606132
-26061.7950829998
-26061.7950829998
-26061.7950829998
-26061.7950829998
-26061.7950829998
-26061.7950829998
-26073.2276604687
-26073.5310520111
-26061.7950829998
-26061.7950829998
-26071.6478710642
-26078.0492011312
-26073.8331878495
-26065.3215104777
-26079.3900700296
-26062.2727232819
-26062.2727232819
-26062.2727232819
-26061.7953716937
-26061.7953716937
-26065.3603390506
-26076.4770141830
-26065.3603390506
-26064.6760062677
-26061.1260037331
-26061.1260037331
-26063.4280996824
-26061.1260037331
-26063.6211187203
-26061.1260037331
-26061.1260037331
-26084.1516546530
-26063.4280996824
-26060.5802246300
-26060.5802246300
-26060.5802246300
-26074.4243018506
-26060.5802246300
-26060.5802246300
-26072.3161936413
-26060.5802246300
-26060.9923880993
-26072.7283571106
-26072.1081815820
-26060.9923880993
-26075.1457844359
-26072.7283571106
-26060.9923880993
-26084.0180390193
-26072.7283571106
-26060.9923880993
-26060.9923880993
-26086.9446497394
-26060.9923880993
-26060.9923880993
-26060.9923880993
-26060.9923880993
-26060.9923880993
-26070.3100391787
-26061.0523573542
-26061.0523573542
-26061.0523573542
-26061.0523573542
-26063.2960172721
-26077.5042120853
-26063.1923842711
-26064.5849715824
-26087.6106225023
-26061.8238779005
-26061.8238779005
-26062.9369689253
-26062.9369689253
-26074.6729379366
-26073.2704724981
-26073.2704724981
-26073.2704724981
-26080.4528336860
-26073.0066004907
-26061.2706314794
-26061.2706314794
-26062.3463044621
-26062.3463044621
-26062.3463044621
-26062.3463044621
-26062.3463044621
-26062.3463044621
-26061.5864921943
-26061.5864921943
-26073.3224612056
-26084.6121431143
-26061.5864921943
-26073.2162003061
-26063.9958241044
-26063.7485593250
-26073.2162003061
-26061.5864921943
-26073.3224612056
-26061.8153887954
-26073.7571663409
-26062.4119100698
-26063.2107442749
-26062.9450434526
-26063.9263258794
-26063.9263258794
-26074.8010280353
-26085.8925594388
-26062.8669085189
-26062.8026387024
-26062.8026387024
-26065.5715809503
-26064.1832005536
-26062.9103097437
-26065.1114290956
-26062.9103097437
-26065.1114290956
-26062.9103097437
-26062.9103097437
-26063.8003543893
-26075.4729519810
-26078.5293511827
-26075.2453243126
-26074.8124851326
-26074.8124851326
-26063.0765161213
-26072.9293202394
-26074.8124851326
-26063.0765161213
-26063.0765161213
-26067.9632091557
-26074.8124851326
-26062.8573692014
-26065.2206212225
-26074.5933382127
-26062.8573692014
-26074.5933382127
-26062.8573692014
-26062.8573692014
-26062.8573692014
-26062.8573692014
-26076.7795776376
-26062.8573692014
-26062.8573692014
-26062.8573692014
-26076.9843532149
-26062.8573692014
-26062.8573692014
-26065.5565643834
-26065.5565643834
-26077.2925333947
-26065.5565643834
-26066.2583447337
-26077.9943137450
-26066.2583447337
-26066.2583447337
-26066.2583447337
-26066.2583447337
-26064.4108837560
-26064.4108837560
-26064.4108837560
-26078.8144050353
-26065.3311324111
-26063.2502701023
-26063.2502701023
-26063.2502701023
-26065.7828745274
-26063.2502701023
-26063.2502701023
-26078.2119907192
-26087.3629565029
-26063.2502701023
-26065.9691647562
-26065.9691647562
-26065.2029579665
-26068.2746063536
-26065.7130450266
-26065.7130450266
-26065.7130450266
-26065.7130450266
-26065.7130450266
-26065.7130450266
-26065.7130450266
-26065.7130450266
-26065.7130450266
-26064.7878109254
-26087.8134618453
-26073.6881724513
-26071.8802590522
-26064.7456418678
-26064.7456418678
-26064.4257600869
-26076.1617290982
-26076.1617290982
-26064.4707276156
-26064.4707276156
-26076.2066966269
-26076.2066966269
-26077.7236204161
-26065.9876514049
-26065.9876514049
-26065.9876514049
-26065.9876514049
-26065.9876514049
-26064.2807165570
-26062.9550305450
-26065.1775250320
-26074.3054126167
-26062.5694436054
-26062.5694436054
-26062.5694436054
-26062.5694436054
-26062.5694436054
-26066.0365081312
-26074.5007991308
-26062.5828950376
-26062.5828950376
-26076.8237610307
-26062.5828950376
-26062.5828950376
-26062.5828950376
-26062.0658445986
-26076.6458380795
-26064.9098690683
-26076.3428769312
-26065.8349816147
-26065.8349816147
-26074.9250749207
-26065.4027413390
-26063.1891059094
-26074.2658224181
-26087.1899721490
-26064.1643212291
-26063.6858887543
-26063.6858887543
-26063.6858887543
-26063.6858887543
-26065.7429868550
-26066.3165872792
-26064.0325148513
-26066.3165872792
-26077.0392197221
-26067.5873231387
-26065.3032507108
-26065.3032507108
-26067.7413086941
-26065.4572362663
-26077.1932052776
-26065.4572362663
-26066.0066485199
-26077.2643383542
-26077.7426175311
-26066.0066485199
-26067.4694214202
-26067.4694214202
-26079.2053904314
-26067.4694214202
-26076.7306975136
-26064.9947285023
-26081.4662665132
-26087.5639733459
-26066.5948882634
-26066.4775094650
-26066.7257259458
-26066.7257259458
-26063.9902097521
-26064.9519248149
-26063.9529701676
-26063.9529701676
-26063.9529701676
-26063.9529701676
-26061.7763619540
-26061.7763619540
-26063.8149852753
-26061.7763619540
-26064.9116521140
-26064.9116521140
-26067.0222280110
-26064.9116521140
-26064.9116521140
-26063.6139039714
-26065.1028982986
-26067.4545519584
-26067.2484292813
-26063.0714683769
-26063.0714683769
-26063.0714683769
-26065.5600071644
-26092.2708728874
-26063.0263877085
-26064.3813278448
-26064.3813278448
-26076.1172968561
-26064.3813278448
-26079.3405572558
-26064.3186865681
-26064.3186865681
-26064.3186865681
-26063.7841774422
-26063.7841774422
-26062.7844876996
-26062.7844876996
-26073.9876502930
-26064.8494501345
-26065.5860378753
-26064.5578304392
-26062.3965242495
-26065.4139178585
-26062.0294925338
-26062.0294925338
-26064.6227554452
-26070.2472081970
-26075.7977042149
-26065.7698539178
-26077.5058229291
-26067.0863190710
-26064.8866039730
-26067.2175820747
-26064.8866039730
-26074.8488310065
-26063.6828737293
-26063.6828737293
-26063.6828737293
-26063.6828737293
-26063.6828737293
-26062.8479261597
-26063.2659991677
-26073.1880230741
-26061.4520540628
-26064.0295969906
-26061.4520540628
-26061.4520540628
-26062.6457863224
-26062.6457863224
-26066.6248361468
-26075.8857449939
-26064.1517047714
-26064.1517047714
-26064.3409287308
-26079.4083459024
-26066.6469135173
-26064.2576391373
-26062.0865612025
-26062.0865612025
-26062.0865612025
-26064.2576391373
-26062.0865612025
-26062.0865612025
-26062.0865612025
-26063.5499408668
-26062.9130047144
-26077.5131988410
-26071.3684060805
-26064.3373359169
-26062.2534219917
-26064.6351414857
-26064.6351414857
-26066.9884044357
-26067.3500160229
-26079.1037664259
-26090.5918422599
-26067.5661913400
-26068.0967464315
-26068.0967464315
-26068.0967464315
-26065.6769269224
-26065.6769269224
-26079.6626259124
-26066.7181772002
-26064.0750599183
-26074.0143879418
-26077.5961094634
-26065.5651042151
-26066.0247539545
-26065.5651042151
-26061.7779551108
-26063.9206869591
-26061.7779551108
-26061.0327735735
-26061.0327735735
-26068.6581765638
-26061.0327735735
-26060.4201723915
-26060.4201723915
-26060.4201723915
-26074.6468130561
-26061.0359126893
-26074.3150304865
-26061.0359126893
-26061.0359126893
-26063.7138153674
-26063.7138153674
-26063.7138153674
-26063.6046591847
-26063.6046591847
-26063.6046591847
-26065.1733287677
-26062.6821393965
-26062.6821393965
-26062.7252274730
-26062.7252274730
-26062.7252274730
-26062.7252274730
-26062.7252274730
-26087.9974903610
-26064.6905429331
-26062.3662784387
-26085.3919293586
-26062.3662784387
-26062.3662784387
-26102.5438744299
-26064.2501731318
-26064.2501731318
-26063.1071455754
-26086.9021127587
-26075.7577105809
-26064.0217415696
-26063.7535930669
-26063.8371636398
-26066.4498898173
-26063.8371636398
-26064.1811682812
-26074.1402143904
-26064.7686048506
-26064.7686048506
-26064.7686048506
-26064.7686048506
-26076.2267580708
-26064.4907890595
-26076.2267580708
-26080.3172493969
-26077.9360134455
-26063.6716866379
-26082.7785457957
-26059.7528948758
-26059.7528948758
-26059.7528948758
-26059.7528948758
-26062.3419786411
-26059.7528948758
-26059.7528948758
-26062.0546552719
-26059.7528948758
-26059.7528948758
-26060.2242211633
-26060.2242211633
-26060.2242211633
-26060.2242211633
-26060.2242211633
-26060.2242211633
-26071.2723685403
-26083.2498720832
-26060.2242211633
-26061.4099259017
-26061.4099259017
-26061.4099259017
-26061.4099259017
-26061.4099259017
-26061.4099259017
-26061.4099259017
-26061.4099259017
-26061.4099259017
-26061.4099259017
-26064.8185993447
-26073.9553507756
-26061.2969320635
-26073.0329010748
-26075.9071030089
-26075.9071030089
-26060.9980979918
-26060.9980979918
-26060.9980979918
-26062.2298895025
-26062.2298895025
-26062.2298895025
-26062.4192535063
-26080.3568631595
-26064.1431824081
-26066.7573000492
-26064.1431824081
-26067.7326309515
-26067.7326309515
-26079.4685999628
-26067.3559745300
-26090.3816254499
-26067.1505870335
-26065.3058602679
-26080.4497684982
-26064.1029143942
-26064.1029143942
-26064.1029143942
-26064.1029143942
-26075.8388834054
-26064.1029143942
-26064.1029143942
-26090.3943735803
-26064.1029143942
-26064.1029143942
-26076.9888111443
-26076.9311999509
-26067.7960199599
-26067.2023704439
-26078.1517667018
-26066.4157976905
-26066.4157976905
-26074.9898729763
-26067.9823841908
-26062.1114122586
-26073.8473812699
-26063.6044448951
-26060.9980979917
-26060.9980979917
-26078.0949442359
-26068.5307835052
-26066.3589752247
-26077.7674284006
-26066.0314593893
-26062.2476424706
-26073.9836114818
-26073.2111574199
-26061.4751884087
-26076.2301553271
-26061.4751884087
-26060.6007037759
-26063.1032741426
-26085.4561932958
-26063.8924681283
-26086.9181190483
-26087.0240611996
-26064.9647343207
-26064.9120218953
-26064.9120218953
-26083.7738207343
-26067.2300324680
-26068.5278249474
-26068.5278249474
-26068.5278249474
-26062.1812975536
-26062.1812975536
-26063.8585627171
-26064.6163989549
-26062.1700223230
-26062.1700223230
-26063.0801995171
-26065.6927556393
-26065.2441471673
-26063.0801995171
-26073.1189767780
-26063.1152527319
-26063.1152527319
-26065.3639753011
-26065.3639753011
-26074.8292971188
-26063.0933281075
-26066.1554092727
-26063.8847620791
-26075.6207310904
-26072.4955021097
-26060.7595330984
-26060.7595330984
-26060.7595330984
-26060.7595330984
-26063.0301802921
-26060.7595330984
-26060.7595330984
-26060.7595330984
-26060.7595330984
-26060.7595330984
-26061.7982837957
-26073.5342528070
-26076.4980471813
-26066.2779020584
-26063.9143132497
-26066.2947839909
-26066.2947839909
-26068.6583727995
-26068.6230508140
-26063.3488419518
-26063.3488419518
-26063.8204862931
-26066.1747223354
-26063.8204862931
-26063.2828211555
-26063.2828211555
-26063.2828211555
-26063.3505924645
-26063.6290426862
-26063.3605316786
-26073.9594426424
-26062.2234736311
-26062.2234736311
-26062.2234736311
-26064.3556406092
-26062.2234736311
-26062.2234736311
-26064.3556406092
-26062.2234736311
-26062.2234736311
-26062.2234736311
-26073.9594426424
-26062.2234736311
-26062.2234736311
-26062.2234736311
-26061.1250464087
-26063.7263476433
-26063.1831623119
-26063.1831623119
-26074.9191313231
-26063.1831623119
-26073.9811582481
-26062.1613902830
-26073.8973592943
-26064.3698720758
-26064.4699796665
-26064.4699796665
-26064.4699796665
-26062.6644730375
-26062.6644730375
-26062.9622814132
-26062.9622814132
-26062.9622814132
-26062.9622814132
-26062.9622814132
-26062.5704205960
-26062.5704205960
-26062.5704205960
-26062.5704205960
-26061.5194568368
-26061.5194568368
-26061.5194568368
-26061.5194568368
-26061.5194568368
-26073.2554258481
-26076.0916831559
-26061.5194568368
-26061.5194568368
-26061.5194568368
-26061.5194568368
-26063.0012297225
-26074.7371987338
-26063.0012297225
-26065.1245366701
-26065.1245366701
-26065.1245366701
-26065.1245366701
-26077.2334799731
-26065.1245366701
-26065.1245366701
-26065.0898976647
-26065.0898976647
-26065.0898976647
-26065.0898976647
-26065.0898976647
-26063.3841458604
-26075.1201148717
-26063.3841458604
-26077.7169704673
-26065.1994757060
-26066.7578941738
-26064.1794393392
-26064.1794393392
-26064.1794393392
-26064.2343289031
-26064.2343289031
-26075.9702979144
-26066.8127837377
-26075.9702979144
-26064.2343289031
-26064.2343289031
-26064.4219921814
-26064.4219921814
-26064.5367157262
-26064.5367157262
-26065.7175214395
-26065.7175214395
-26065.7175214395
-26067.1750650856
-26068.1017835953
-26068.1017835953
-26068.1785218580
-26064.6870305251
-26061.9021099642
-26061.9021099642
-26061.9307918669
-26061.9307918669
-26061.9729799808
-26061.9729799808
-26061.5617536084
-26086.6327582509
-26063.8382124665
-26061.5617536084
-26063.8382124665
-26075.6822019674
-26063.5527525038
-26061.2762936457
-26061.2762936457
-26063.9732887497
-26063.9732887497
-26064.1325829952
-26077.5260286179
-26066.7465086067
-26066.7465086067
-26064.1325829952
-26079.1993799757
-26069.0766278427
-26064.1118171017
-26064.3050769048
-26060.2346322229
-26060.2346322229
-26067.6178535950
-26060.4058002592
-26060.1528977976
-26071.8888668088
-26060.1528977976
-26060.1528977976
-26060.1528977976
-26060.1528977976
-26060.1528977976
-26062.7551813181
-26060.1528977976
-26071.8888668088
-26060.1528977976
-26060.1528977976
-26060.1528977976
-26071.8888668088
-26062.2767063602
-26070.9201239297
-26071.8888668088
-26060.1528977976
-26060.1528977976
-26060.1528977976
-26062.2767063602
-26061.6741500795
-26061.6741500795
-26061.6741500795
-26061.6741500795
-26061.6741500795
-26061.6741500795
-26061.6741500795
-26062.0963447116
-26064.6434612274
-26062.0963447116
-26062.0963447116
-26062.0963447116
-26062.0963447116
-26063.4341467360
-26073.4669660103
-26060.3541763228
-26062.5897913509
-26062.5897913509
-26060.7009079567
-26060.7009079567
-26072.4368769680
-26060.7009079567
-26060.7009079567
-26074.5538839902
-26060.7009079567
-26060.7009079567
-26060.9772937557
-26060.9772937557
-26060.9772937557
-26060.9772937557
-26060.5326309318
-26085.6518670641
-26060.2047730681
-26060.2047730681
-26071.9407420793
-26072.8161939433
-26062.8074175825
-26059.2740564131
-26059.2740564131
-26059.2740564131
-26071.0100254244
-26059.2740564131
-26059.2740564131
-26059.2740564131
-26061.5895786149
-26071.0100254244
-26059.2740564131
-26059.2740564131
-26071.0100254244
-26059.2740564131
-26059.2740564131
-26059.2740564131
-26062.4737552275
-26073.9939597348
-26073.9939597348
-26076.4299258937
-26064.6939568825
-26064.6939568825
-26064.6939568825
-26061.1734010123
-26061.1734010123
-26061.1734010123
-26061.1734010123
-26061.2962794613
-26061.2962794613
-26061.2962794613
-26061.2962794613
-26061.2962794613
-26061.2962794613
-26061.8918441641
-26061.8918441641
-26061.8918441641
-26061.8918441641
-26073.8096201769
-26062.0736511656
-26061.8193660325
-26061.8193660325
-26061.8193660325
-26062.6480461470
-26064.0747130704
-26075.8106820817
-26075.8106820817
-26064.0747130704
-26064.0747130704
-26064.0747130704
-26075.8106820817
-26088.0880673372
-26064.4434810183
-26098.3946321313
-26076.0823310992
-26063.4208524347
-26066.8506148044
-26068.4091807041
-26076.8441026098
-26067.4059513449
-26090.6007864251
-26064.5227683742
-26064.8132939311
-26062.2138592924
-26062.2138592924
-26062.2138592924
-26062.6021480251
-26064.8547189363
-26064.8547189363
-26062.2927082750
-26062.2927082750
-26066.1674983570
-26072.4250846609
-26084.3003749203
-26061.2747240004
-26062.6801794881
-26073.0119464671
-26064.1836920714
-26061.5771148563
-26063.7694936166
-26063.7694936166
-26063.7694936166
-26063.7694936166
-26075.5054626279
-26066.4570850045
-26064.2297746806
-26064.2297746806
-26064.2297746806
-26063.6859063922
-26063.6859063922
-26063.6859063922
-26063.6859063922
-26066.2939813130
-26072.5332958977
-26086.7115573122
-26063.6859063922
-26065.6966100142
-26068.4605557125
-26069.0258178425
-26069.0258178425
-26069.0258178425
-26080.9097842502
-26080.7617868538
-26071.6200808466
-26091.6490828113
-26066.9244850823
-26080.6454386446
-26066.9244850823
-26081.5480003542
-26066.9244850823
-26063.0309365936
-26063.0309365936
-26063.0309365936
-26063.0309365936
-26065.1197995667
-26063.0309365936
-26065.6459693450
-26063.0309365936
-26065.6459693450
-26065.6459693450
-26063.0309365936
-26065.6459693450
-26063.0309365936
-26063.0309365936
-26063.0309365936
-26061.1173976701
-26061.1173976701
-26061.1173976701
-26061.1173976701
-26062.1828901295
-26059.7278557812
-26062.4754019450
-26062.4754019450
-26074.2113709563
-26062.4754019450
-26061.7785574087
-26073.5145264200
-26061.7785574087
-26075.7256673586
-26064.0261229242
-26061.7785574087
-26061.4308662811
-26061.4308662811
-26061.4308662811
-26063.9138198597
-26062.4081005460
-26087.8872202257
-26064.8615693058
-26063.3116648891
-26077.9545466962
-26063.3116648891
-26063.5405238171
-26063.5405238171
-26063.5405238171
-26062.0225038592
-26096.0707739025
-26062.0225038592
-26064.3478128971
-26062.0225038592
-26064.6105922234
-26069.7307998261
-26085.4582551487
-26062.4944067672
-26062.4944067672
-26065.0824951315
-26062.3951030720
-26062.3951030720
-26073.7936017432
-26062.9558832735
-26076.7684091652
-26062.9558832735
-26062.9558832735
-26077.0645671812
-26079.9569465635
-26078.7364607334
-26069.1399558662
-26061.6318378957
-26070.7312098330
-26061.6318378957
-26064.2342171777
-26061.6318378957
-26073.3678069069
-26061.6318378957
-26061.6318378957
-26061.8503914239
-26061.8503914239
-26061.9769345911
-26061.9769345911
-26062.1346820176
-26062.1346820176
-26062.1346820176
-26062.1346820176
-26062.1346820176
-26062.1346820176
-26062.1346820176
-26062.1346820176
-26061.8721194964
-26061.8721194964
-26061.8721194964
-26061.8721194964
-26061.8721194964
-26076.6188094785
-26060.7846301978
-26061.7133487585
-26064.0309225488
-26061.7133487585
-26086.9075633904
-26069.2790677579
-26061.7133487585
-26061.7133487585
-26061.7133487585
-26062.7077321761
-26062.7077321761
-26062.7077321761
-26061.6030981194
-26061.6030981194
-26063.9206719096
-26071.0276642446
-26061.6030981194
-26073.3390671307
-26064.0911661406
-26073.3390671307
-26084.6287490393
-26061.6030981194
-26061.6030981194
-26061.6030981194
-26061.6030981194
-26073.3390671307
-26061.6030981194
-26061.6030981194
-26061.6030981194
-26070.4787369350
-26061.6030981194
-26073.3390671307
-26061.6030981194
-26061.6030981194
-26061.6030981194
-26063.9206719096
-26061.6030981194
-26073.3390671307
-26064.0911661406
-26062.2425971767
-26062.2425971767
-26062.2425971767
-26066.9306036293
-26062.2425971767
-26064.7306651979
-26061.8694749566
-26061.8694749566
-26061.8694749566
-26061.8694749566
-26061.6509629038
-26062.9095209371
-26062.9095209371
-26062.9095209371
-26074.6454899483
-26089.0367734442
-26077.7470915356
-26066.0111225243
-26066.0111225243
-26066.0111225243
-26066.0111225243
-26066.0111225243
-26066.0111225243
-26062.5358754283
-26061.2199654694
-26061.2199654694
-26062.6782490876
-26062.5638385693
-26061.2524967520
-26062.6052977416
-26062.6052977416
-26062.6052977416
-26062.6052977416
-26062.6052977416
-26074.3412667529
-26060.7232448795
-26060.7232448795
-26061.5216149787
-26061.5216149787
-26061.5216149787
-26073.9070326814
-26062.4085198739
-26062.4085198739
-26074.1444888852
-26062.3472507190
-26062.3472507190
-26062.3472507190
-26064.5076824631
-26071.0433523892
-26062.9250188455
-26062.9250188455
-26062.8427622859
-26061.3489511717
-26061.3489511717
-26061.3489511717
-26061.3489511717
-26061.3489511717
-26060.2519966074
-26071.9879656187
-26060.2519966074
-26060.2519966074
-26061.3149204620
-26060.8453934403
-26079.0379980123
-26069.0082916351
-26075.3503898609
-26064.8468297600
-26082.7130849640
-26064.5145159986
-26076.7064773498
-26064.9705083385
-26075.6412384829
-26063.9052694716
-26099.3239544330
-26074.7438946195
-26065.1577218201
-26063.5166975713
-26063.5166975713
-26063.5166975713
-26063.5166975713
-26073.7704206742
-26062.0344516629
-26064.6249043743
-26062.0344516629
-26062.0344516629
-26064.6249043743
-26062.0344516629
-26061.0716002013
-26072.8075692126
-26061.0716002013
-26061.0716002013
-26076.0896325131
-26061.0716002013
-26072.8075692126
-26060.9861606473
-26059.7665573204
-26059.7665573204
-26059.7665573204
-26059.7665573204
-26059.7665573204
-26059.7665573204
-26059.4381110229
-26059.4381110229
-26059.4381110229
-26059.9850336767
-26059.9850336767
-26059.9850336767
-26059.9850336767
-26083.9163508837
-26061.1985786034
-26061.1985786034
-26061.1985786034
-26061.1985786034
-26085.1836691385
-26059.9850336767
-26059.9850336767
-26059.9850336767
-26059.9850336767
-26060.6210257332
-26063.2099418532
-26062.7637575816
-26072.3569947445
-26060.6210257332
-26060.6210257332
-26061.7636359018
-26061.7636359018
-26059.4636831013
-26059.4636831013
-26061.7636359018
-26059.4636831013
-26071.1996521126
-26059.4636831013
-26059.4636831013
-26059.4636831013
-26059.4636831013
-26059.4636831013
-26059.4636831013
-26059.4636831013
-26059.4636831013
-26077.0804768257
-26061.6781351376
-26061.6781351376
-26061.6781351376
-26061.6781351376
-26061.6781351376
-26061.6781351376
-26061.6781351376
-26061.6781351376
-26061.6781351376
-26061.6781351376
-26061.6781351376
-26061.6781351376
-26073.4141041489
-26061.6781351376
-26061.3997993746
-26061.1622736327
-26060.5411879831
-26072.2771569944
-26060.5411879831
-26063.0254179402
-26060.3569496038
-26072.0929186151
-26060.3569496038
-26062.6431731536
-26072.0929186151
-26068.3613445913
-26079.6510264999
-26071.6969638258
-26065.2401381645
-26075.1306194149
-26073.5180708087
-26062.3379739191
-26062.7515423682
-26086.0282405666
-26074.7385586580
-26063.0025896467
-26074.7385586580
-26063.0025896467
-26063.0025896467
-26063.0025896467
-26074.7385586580
-26063.0025896467
-26065.5857552719
-26063.0025896467
-26063.0025896467
-26065.7946670327
-26065.7946670327
-26066.7650708951
-26066.7650708951
-26066.7650708951
-26065.3164672268
-26065.3327404838
-26067.5846582973
-26067.5667709861
-26065.6416262047
-26067.9316459186
-26067.9316459186
-26065.6416262047
-26077.2260322453
-26065.5067271928
-26065.5067271928
-26075.7482469297
-26086.3091753130
-26063.2835243930
-26065.6007559853
-26063.9677304477
-26061.8827815558
-26061.8827815558
-26064.1918274596
-26061.8827815558
-26063.9497568565
-26063.9497568565
-26061.6407109526
-26063.4607994590
-26061.1606213033
-26061.1606213033
-26062.7403625727
-26064.9866404697
-26062.7403625727
-26062.6552009288
-26062.6774082907
-26082.5915054673
-26064.0294802045
-26064.1497590985
-26064.1497590985
-26066.7580094776
-26064.1497590985
-26063.2395121660
-26064.1543981149
-26064.1543981149
-26064.1543981149
-26081.7466779698
-26077.3077680465
-26073.9906680543
-26065.5717990352
-26068.6721661915
-26080.6098702234
-26069.5595361107
-26068.6015873117
-26068.6015873117
-26068.6015873117
-26070.2271271585
-26070.2271271585
-26068.3099525674
-26064.2641613301
-26064.1429927875
-26061.8335985449
-26061.8335985449
-26061.8335985449
-26061.8335985449
-26061.8335985449
-26066.7324382646
-26069.4147833889
-26071.4513689550
-26073.5841306070
-26073.5841306070
-26061.8481615957
-26061.8481615957
-26060.5729606614
-26060.5729606614
-26072.3089296727
-26072.3089296727
-26060.5729606614
-26073.9954316117
-26087.8044716086
-26077.2662417382
-26075.8533601580
-26062.5285230166
-26060.4301835623
-26071.2121831355
-26060.4301835623
-26060.4301835623
-26060.4301835623
-26060.4301835623
-26072.1661525736
-26060.6135654994
-26060.6135654994
-26060.6135654994
-26060.6135654994
-26083.6392164193
-26060.6135654994
-26063.2006513517
-26063.2006513517
-26060.6135654994
-26060.6135654994
-26076.6482749181
-26064.7184507751
-26064.7888579460
-26066.9421223513
-26080.2471362277
-26062.3988440496
-26062.5530126524
-26062.5530126524
-26062.7492125209
-26062.7492125209
-26062.7492125209
-26064.7624365004
-26087.7880874204
-26064.7624365004
-26063.9659883913
-26075.7019574026
-26075.7019574026
-26063.9659883913
-26076.6403608053
-26076.3060921503
-26062.0541618585
-26073.7901308698
-26063.3919605045
-26063.3919605045
-26062.5319741581
-26061.6510224297
-26061.6510224297
-26061.6458093859
-26063.9695668781
-26061.8378634173
-26061.8378634173
-26062.4203966515
-26064.7892491974
-26062.4203966515
-26062.4203966515
-26064.7892491974
-26061.3440178377
-26061.3440178376
-26061.3440178376
-26061.3440178376
-26061.3440178376
-26061.3440178376
-26061.3440178376
-26062.0108761033
-26063.6669002158
-26063.6669002158
-26066.2575098627
-26063.6669002158
-26068.6538753503
-26064.2671533283
-26064.2671533283
-26064.2671533283
-26066.4675619652
-26064.0936556429
-26082.3503054652
-26069.1722089457
-26061.5980261755
-26061.5980261755
-26061.5980261755
-26061.5980261755
-26077.9149963123
-26073.3179712032
-26063.4280105284
-26066.0236392546
-26063.4245587954
-26063.4245587954
-26063.4245587954
-26063.4245587954
-26066.9454437836
-26076.0680561367
-26066.0942779689
-26063.7768928178
-26061.4671919785
-26073.0723303472
-26103.3201913175
-26073.0723303472
-26081.8326248648
-26076.2060090096
-26073.2031609898
-26064.0574902187
-26076.0731666883
-26061.1871287991
-26060.8548887155
-26060.8548887155
-26061.8493626056
-26070.5806730494
-26073.5853316169
-26073.5853316169
-26061.8493626056
-26075.1609333328
-26063.4249643216
-26063.8069295980
-26063.2835243930
-26063.2835243930
-26089.3265066296
-26071.2432717285
-26063.2835243930
-26063.2835243930
-26063.2835243930
-26063.2777165394
-26065.5801755873
-26063.2777165394
-26075.0136855507
-26063.2777165394
-26062.9283085500
-26074.9085583776
-26063.5219900981
-26065.7743453141
-26065.7030175322
-26077.5693279237
-26062.9265013298
-26062.9265013298
-26062.9265013298
-26062.3811537355
-26064.3984065944
-26064.3984065944
-26070.1728531508
-26064.8108321131
-26064.5436399051
-26064.5436399051
-26064.5436399051
-26064.5436399051
-26064.6225230883
-26064.6225230883
-26067.2204935936
-26079.1446528889
-26064.6225230883
-26061.3328796781
-26064.1024236334
-26076.0866177396
-26061.4914348762
-26061.6851699754
-26062.6685156812
-26062.6685156812
-26062.6685156812
-26062.1457560363
-26075.5907252707
-26073.3470661744
-26061.6418539200
-26061.6418539200
-26061.2167980088
-26061.2167980088
-26063.7205444774
-26061.5644194398
-26061.5644194398
-26060.6735014806
-26060.6735014806
-26062.4481083385
-26074.1840773497
-26062.4481083385
-26065.0504973886
-26074.1840773497
-26076.8921565131
-26065.1561875019
-26065.0997275778
-26067.7021166279
-26065.0999056147
-26065.0999056147
-26065.0999056147
-26065.0999056147
-26062.9797972620
-26062.9797972620
-26065.1004324743
-26063.6520570010
-26075.3880260123
-26063.5451621420
-26063.5451621420
-26063.5451621420
-26068.8432662033
-26070.0666516649
-26067.1849758397
-26063.0882323832
-26063.0882323832
-26063.0882323832
-26074.7456665310
-26061.8461838230
-26061.8461838230
-26064.2171606637
-26064.2171606637
-26072.2742627386
-26072.2742627386
-26063.8337418628
-26063.8337418628
-26063.8337418628
-26063.8337418628
-26063.8337418628
-26063.8337418628
-26075.5697108740
-26063.8337418628
-26063.8337418628
-26061.0515191412
-26061.0515191412
-26061.0515191412
-26062.2239390358
-26062.2239390358
-26062.2239390358
-26062.2239390358
-26062.2239390358
-26062.2239390358
-26062.2239390358
-26063.0329610930
-26063.0329610930
-26062.8401909821
-26062.8401909821
-26071.4495970441
-26060.7025119496
-26072.4384809609
-26060.7025119496
-26072.4384809609
-26060.3579632775
-26060.3579632775
-26060.3579632775
-26072.0939322888
-26064.7951333805
-26062.3559558401
-26074.6518956596
-26062.9159266483
-26062.9159266483
-26064.1292783371
-26080.9991991605
-26061.5279093143
-26073.2638783256
-26084.5535602343
-26061.5279093143
-26061.5279093143
-26061.5279093143
-26062.8210670608
-26062.8210670608
-26062.8210670608
-26062.8210670608
-26062.8210670608
-26062.8210670608
-26062.8210670608
-26070.9769613367
-26073.6630072521
-26063.1626621097
-26073.5713298832
-26061.8353608720
-26061.4481057959
-26061.1295990790
-26061.1295990790
-26072.1362240457
-26070.0693316149
-26060.4002550344
-26074.5858390265
-26060.4002550344
-26060.4002550344
-26080.4701860619
-26060.4002550344
-26060.3411647387
-26060.3411647387
-26060.3411647387
-26061.1168188492
-26063.4411531880
-26072.8527878605
-26061.1168188492
-26061.1168188492
-26061.1168188492
-26063.4411531880
-26061.1168188492
-26075.7576135478
-26071.1847898824
-26061.1168188492
-26072.8527878605
-26061.5345454934
-26061.5345454934
-26073.4407292688
-26061.5345454934
-26063.8588798323
-26061.5345454934
-26061.5345454934
-26061.5345454934
-26084.5601964134
-26061.5345454934
-26060.8759668095
-26072.6119358208
-26060.8759668095
-26079.3851954165
-26060.4247880174
-26060.4247880174
-26060.4247880174
-26067.4643494868
-26060.4247880174
-26072.1607570287
-26061.3560242449
-26062.1758514243
-26064.7552730518
-26062.1758514243
-26062.1758514243
-26064.5294430240
-26065.4860272043
-26065.4860272043
-26065.4860272043
-26065.4860272043
-26066.4613001820
-26066.4613001820
-26066.5663110515
-26065.6949093436
-26066.6318325422
-26066.6318325422
-26078.3678015535
-26062.3021740325
-26062.3021740325
-26073.7503971097
-26060.9144041729
-26060.9144041730
-26072.6503731842
-26072.6503731842
-26060.9144041730
-26060.9144041730
-26060.9144041730
-26060.9144041730
-26063.5079494384
-26063.0206102376
-26065.6934345861
-26065.6934345861
-26066.3307849141
-26071.8788146789
-26060.1428456676
-26060.1428456676
-26071.8788146789
-26071.8788146789
-26088.4391079625
-26071.4499989026
-26060.1428456676
-26060.1428456676
-26062.7815026082
-26062.7815026082
-26062.7815026082
-26065.3750478736
-26064.2495006104
-26064.2495006104
-26080.8615459519
-26064.2495006104
-26064.2495006104
-26075.9854696217
-26064.2495006104
-26064.0199542375
-26064.7137989859
-26065.1096857193
-26065.1096857193
-26063.0381930161
-26062.4125139411
-26063.5836969569
-26061.3739432956
-26061.3739432956
-26063.5694495441
-26063.5634175750
-26062.8307137962
-26070.0611407593
-26062.8307137962
-26074.4554648111
-26062.8307137962
-26062.8307137962
-26074.5666828075
-26074.5666828075
-26075.8136929183
-26061.1769099322
-26061.1769099322
-26072.9128789435
-26061.1769099322
-26061.1769099322
-26061.1769099322
-26076.1979830678
-26062.6025180131
-26063.2060289440
-26077.1405489731
-26071.1123143910
-26062.6114274738
-26062.6114274738
-26074.0485166409
-26062.3125476297
-26062.3125476297
-26062.0289172034
-26062.0289172034
-26064.9872298206
-26062.7421940567
-26062.7421940567
-26062.7421940567
-26062.7421940567
-26064.9872298206
-26061.6790779481
-26071.2935667465
-26061.6790779481
-26061.6790779481
-26062.2593251755
-26064.4672862869
-26062.2593251755
-26064.8101159246
-26069.0199803862
-26069.0199803862
-26066.7627154581
-26066.7627154581
-26066.7627154581
-26066.0150833666
-26066.0150833666
-26066.0150833666
-26065.6171697748
-26065.3828048645
-26062.9458579793
-26062.9458579793
-26077.0104991286
-26062.9458579793
-26062.9458579793
-26062.9458579793
-26062.9458579793
-26062.9458579793
-26062.9458579793
-26062.9458579793
-26065.5429198551
-26065.2313457870
-26063.5233321474
-26070.9546047338
-26070.7037709849
-26062.1545317943
-26062.4879950975
-26074.0402678473
-26074.3915010981
-26062.6555320869
-26062.6555320869
-26062.6555320869
-26074.3915010981
-26064.9421625859
-26062.7654700570
-26062.7654700570
-26074.4444131501
-26062.7654700570
-26064.1867647101
-26064.1867647101
-26064.1867647101
-26064.1867647101
-26064.1867647101
-26064.1867647101
-26064.1867647101
-26064.1867647101
-26064.1867647101
-26064.1867647101
-26064.1867647101
-26064.1867647101
-26064.1867647101
-26066.8004443942
-26090.5627286683
-26064.1867647101
-26064.1867647101
-26066.4384654597
-26079.2295605860
-26064.3747935929
-26064.3747935929
-26064.3747935929
-26061.9736136434
-26061.9736136434
-26061.9736136434
-26061.9736136434
-26060.9220194157
-26063.5207733882
-26060.9220194157
-26060.9220194157
-26083.9476703356
-26067.0361212710
-26076.5073715451
-26062.0815492518
-26062.0815492518
-26062.0815492518
-26062.0815492518
-26073.8175182631
-26060.7799760236
-26060.7799760236
-26079.9234935803
-26060.7799760236
-26060.7799760236
-26060.7799760236
-26060.7799760236
-26060.7799760236
-26060.7799760236
-26060.7799760236
-26065.6566559405
-26060.7799760236
-26060.7799760236
-26075.4870181598
-26060.2121783489
-26060.2121783489
-26060.2121783489
-26060.2121783489
-26083.8694681324
-26060.2121783489
-26074.3400197639
-26074.3891398788
-26060.3148403791
-26062.9221253381
-26060.3148403791
-26062.4879670023
-26072.0508093904
-26072.0508093904
-26061.8719317057
-26061.8719317057
-26061.8719317057
-26061.5078877889
-26084.3702654005
-26061.5078877889
-26061.2010566919
-26061.2010566919
-26061.2010566919
-26075.7659915997
-26060.8735589301
-26060.8735589301
-26065.6214481874
-26060.8735589301
-26060.8735589301
-26072.6095279414
-26060.8735589301
-26070.6677565296
-26063.4875548712
-26060.8735589301
-26084.2463711825
-26061.2207202626
-26061.2207202626
-26061.2207202626
-26061.2207202626
-26062.3559473753
-26062.3559473753
-26062.3559473753
-26064.4898406914
-26077.7516690016
-26062.7596309662
-26062.7596309662
-26062.7596309662
-26062.7596309662
-26062.7596309662
-26076.6517344610
-26062.7596309662
-26062.7596309662
-26062.7596309662
-26062.7596309662
-26062.7596309662
-26062.7596309662
-26062.7596309662
-26062.7596309662
-26062.7596309662
-26062.7596309662
-26062.7596309662
-26062.7596309662
-26065.3729598827
-26065.0450890662
-26064.3829302957
-26061.7731965008
-26067.7684313208
-26075.9610508117
-26075.9610508117
-26064.2814854391
-26061.6680530737
-26061.5579403057
-26069.7022771180
-26060.6768159501
-26060.6768159501
-26086.9637878987
-26063.2793525572
-26063.2793525572
-26060.6768159501
-26060.6768159501
-26072.4127849613
-26063.2793525572
-26060.6768159501
-26060.6768159501
-26060.6768159501
-26060.6768159501
-26060.6768159501
-26060.6768159501
-26064.0371279093
-26061.4414362757
-26070.8453331404
-26060.6734307369
-26060.6734307369
-26060.6734307369
-26060.6734307369
-26060.6734307369
-26060.6734307369
-26060.6734307369
-26075.3205529199
-26060.6734307369
-26060.6734307369
-26064.6171166263
-26059.8324605650
-26059.8324605650
-26059.8324605650
-26059.8324605650
-26059.8324605650
-26059.8324605650
-26060.8426106611
-26060.8426106611
-26060.7539168498
-26060.7539168498
-26060.6734307369
-26060.6734307369
-26060.1074493268
-26060.1074493268
-26060.1074493268
-26060.1074493268
-26083.1331002468
-26077.5591183123
-26060.6160298328
-26063.1456984849
-26063.1456984849
-26060.6160298328
-26060.6160298328
-26072.3519988441
-26060.6160298328
-26060.6160298328
-26060.6160298328
-26071.9252665118
-26060.6160298328
-26062.1286015461
-26059.8806138610
-26059.8806138610
-26059.8806138610
-26071.6165828723
-26071.6165828723
-26059.6782453194
-26059.6782453194
-26059.6782453194
-26059.6782453194
-26059.6782453194
-26062.2596587549
-26062.2596587549
-26061.3483057540
-26061.3483057540
-26063.9152428951
-26061.3483057540
-26061.3483057540
-26061.3483057540
-26062.7281193211
-26065.3386715948
-26062.7281193211
-26061.1742941444
-26061.1742941444
-26061.1742941444
-26072.9102631556
-26061.1742941444
-26061.4771227734
-26072.2408234675
-26063.6775068693
-26061.4771227734
-26069.7605539821
-26061.4771227734
-26061.5124261843
-26061.5124261843
-26061.5124261843
-26064.3672706862
-26061.8656407708
-26061.8656407708
-26063.3610676878
-26072.8107948760
-26061.0748258648
-26078.6175575752
-26080.6039280629
-26076.1001490738
-26064.3087443412
-26064.3087443412
-26064.2426418005
-26064.2426418005
-26064.2426418005
-26064.2426418005
-26064.2426418005
-26066.8232993183
-26066.5957206482
-26075.0163169132
-26063.2803479019
-26060.6933827372
-26060.6933827372
-26063.0347833489
-26060.7175664525
-26060.7175664525
-26060.7175664525
-26060.7776420738
-26060.7776420738
-26071.2237393847
-26061.8209828658
-26063.7573193187
-26061.5049858598
-26061.7705855945
-26073.5065546058
-26061.7705855945
-26064.3523017533
-26062.9814601875
-26062.9814601875
-26061.1452539593
-26072.8812229705
-26061.1452539593
-26069.6603609144
-26072.8812229705
-26061.3970466082
-26061.3970466082
-26075.2017414275
-26062.6570658799
-26062.1490304515
-26064.3970240966
-26062.1490304515
-26062.1490304515
-26062.1490304515
-26064.3970240966
-26061.5464266470
-26061.5464266470
-26061.5464266470
-26060.5466339457
-26060.5466339457
-26060.5466339457
-26062.7375496285
-26062.0586424185
-26073.7946114298
-26062.0586424185
-26073.7946114298
-26065.3370996465
-26064.9730560439
-26064.9730560439
-26064.9730560439
-26074.0146626831
-26071.7385641816
-26070.0819656342
-26063.8845164119
-26063.8845164119
-26063.5355458780
-26063.5355458780
-26065.5820374683
-26066.2163182102
-26075.3373490341
-26081.1927464571
-26062.4772075129
-26067.6348436870
-26067.6348436870
-26062.6428109598
-26062.6428109598
-26074.3787799711
-26074.3787799711
-26065.2208485113
-26062.7433149060
-26062.7433149060
-26062.7433149060
-26062.7433149060
-26063.2020610335
-26063.2020610335
-26063.2020610335
-26065.8155261069
-26074.9380300448
-26063.2020610335
-26063.2020610335
-26062.6974758581
-26062.2719925696
-26062.2719925696
-26064.4517168141
-26062.2719925696
-26062.2719925696
-26073.6975503690
-26062.2719925696
-26062.2719925696
-26062.2719925696
-26073.8978880465
-26064.4517168141
-26062.2719925696
-26062.2049470623
-26063.4170649495
-26063.4170649495
-26077.1460644049
-26065.5967891939
-26063.4170649495
-26061.4551214354
-26063.3217842574
-26063.3217842574
-26065.4728638660
-26075.0577532687
-26061.8936148290
-26061.8936148290
-26061.8936148290
-26064.1475109071
-26061.8936148290
-26061.1394946622
-26061.1394946622
-26063.3933907402
-26061.1394946622
-26061.1394946622
-26063.9389644756
-26061.7769275118
-26061.7769275118
-26061.7769275118
-26061.7769275118
-26063.9389644756
-26061.7769275118
-26061.7769275118
-26061.7769275118
-26061.7769275118
-26061.7769275118
-26061.7769275118
-26073.5128965230
-26073.5128965230
-26061.7769275118
-26061.7769275118
-26061.7769275118
-26063.6035596161
-26066.1539306821
-26063.7816743678
-26066.3958412573
-26063.2034436526
-26065.8176105421
-26063.2034436526
-26060.7429410629
-26072.4789100742
-26063.3573687003
-26072.4789100742
-26087.5458579232
-26061.7428329494
-26063.9439831259
-26061.7428329494
-26106.7081632247
-26064.0176485519
-26061.8164983754
-26061.8164983754
-26061.8164983754
-26066.6003914811
-26061.8164983754
-26062.7370986943
-26085.7627496143
-26062.7370986943
-26061.8167445735
-26076.1387213603
-26061.8167445735
-26075.3247617038
-26061.8167445735
-26061.8167445735
-26064.7745493320
-26060.0106378367
-26060.0106378367
-26060.0106378367
-26060.0106378367
-26062.5926963444
-26071.7466068479
-26062.1924908242
-26060.0106378367
-26060.0106378367
-26060.0106378367
-26060.0106378367
-26062.1924908242
-26060.0106378367
-26060.0106378367
-26060.2295156175
-26060.2295156175
-26071.9654846288
-26060.2295156175
-26060.2295156175
-26061.3850837054
-26061.3850837054
-26069.2017440728
-26072.8601771984
-26061.0824442040
-26061.0824442040
-26061.0824442040
-26059.9717042551
-26059.9717042551
-26069.2495360238
-26069.9252820252
-26063.0098979182
-26060.8567800540
-26060.8567800540
-26060.8567800540
-26060.8567800540
-26072.5927490652
-26060.8567800540
-26060.8567800540
-26060.8567800540
-26063.4590870801
-26065.6122049443
-26060.8567800540
-26060.8567800540
-26060.8567800540
-26060.8567800540
-26083.8436626548
-26065.5773743192
-26070.6703008622
-26072.7010977025
-26061.0472450167
-26061.0472450167
-26061.0472450167
-26061.0472450167
-26061.0472450167
-26063.1995096101
-26061.0472450167
-26061.8790875459
-26064.3181342075
-26064.1476722833
-26064.1476722833
-26074.5364315696
-26064.1476722833
-26064.1476722833
-26064.1476722833
-26064.1476722833
-26061.5960950352
-26061.5960950352
-26061.5960950352
-26061.5960950352
-26061.5960950352
-26061.5960950352
-26063.8045768280
-26061.9827111651
-26061.9827111651
-26061.9827111651
-26061.9827111652
-26061.9827111652
-26061.9827111652
-26073.7186801764
-26064.4671933751
-26063.9496040050
-26072.4056997792
-26063.9496040050
-26062.3935591852
-26062.3935591852
-26062.3935591852
-26071.2333094411
-26062.3935591852
-26064.6194755067
-26062.3935591852
-26077.0485916985
-26062.3935591852
-26062.3935591852
-26064.6194755067
-26071.2155537881
-26074.5695359310
-26062.8149654754
-26062.8149654754
-26062.8149654754
-26062.8149654754
-26064.9378630875
-26064.9378630875
-26077.5423109067
-26066.1855792324
-26065.8761746809
-26064.6838874582
-26079.2359012622
-26064.6838874582
-26079.2359012622
-26076.4198564695
-26078.7845789223
-26078.7499915094
-26069.2903585258
-26066.2529303004
-26066.2529303004
-26066.2529303004
-26066.2529303004
-26067.6468136101
-26067.6468136101
-26065.5033561220
-26078.2699786723
-26078.2699786723
-26066.5340096611
-26066.5340096611
-26074.9197454140
-26075.4301138639
-26066.0754958971
-26066.0754958971
-26065.5998784958
-26065.5998784958
-26077.3358475070
-26087.0111217790
-26072.6316701001
-26072.7139515412
-26097.8312930976
-26065.4736651780
-26065.4736651780
-26087.8501512935
-26065.4736651780
-26088.0417408584
-26064.7170742591
-26064.2758346857
-26083.4890809252
-26072.9074860402
-26074.7202945273
-26061.9399006112
-26061.9399006112
-26084.9655515312
-26061.9399006112
-26070.0116309173
-26081.1874323811
-26061.9399006112
-26075.4767410006
-26061.9399006112
-26076.3386803838
-26061.9399006112
-26061.9399006112
-26073.6758696225
-26087.7356001010
-26061.9848167835
-26061.9848167835
-26075.6197259097
-26063.8837568984
-26075.6197259097
-26063.8837568984
-26066.2479536721
-26063.8837568984
-26063.0744479226
-26063.0744479226
-26063.0744479226
-26063.0744479226
-26063.0744479226
-26063.0744479226
-26063.0744479226
-26063.0744479226
-26068.0399663634
-26063.0744479226
-26074.8104169339
-26063.0744479226
-26063.0744479226
-26064.0674288139
-26075.8033978252
-26063.5646132999
-26066.4379205651
-26084.0062066395
-26066.4379205651
-26063.4099112217
-26063.4099112217
-26063.4099112217
-26063.4099112217
-26063.4099112217
-26063.4099112217
-26063.4099112217
-26085.4827552758
-26064.6724240653
-26064.6724240653
-26064.6724240653
-26064.6724240653
-26064.6724240653
-26079.1663252090
-26076.4083930766
-26067.1718050706
-26061.7181741054
-26061.7181741054
-26061.7181741054
-26063.9458903473
-26063.9458903473
-26066.0592008208
-26063.9458903473
-26075.6818593586
-26063.9458903473
-26063.9458903473
-26068.8742651343
-26067.1836754648
-26066.6867415212
-26063.9997704347
-26064.0778903986
-26066.1912008721
-26075.8138594099
-26062.5143946968
-26062.5143946968
-26074.2503637081
-26077.1063066983
-26074.1919424994
-26062.5713675504
-26062.6092030515
-26062.6092030515
-26062.6092030515
-26062.6092030515
-26062.6092030515
-26062.2399100767
-26061.0663284471
-26061.0663284471
-26088.4847087069
-26075.6910482430
-26072.9345323796
-26063.8088575259
-26061.1985633683
-26061.1985633683
-26061.1985633683
-26061.1985633683
-26061.5257831784
-26061.5257831784
-26063.7356096606
-26061.5257831784
-26061.5257831784
-26061.5257831784
-26073.2617521897
-26063.7356096606
-26062.0531154274
-26062.0531154274
-26062.0531154274
-26062.4820783549
-26097.0504391573
-26063.2324951048
-26074.0729313735
-26078.9616223673
-26061.0229700960
-26061.0229700960
-26061.0229700960
-26061.9142639050
-26063.9567180413
-26061.8733562698
-26061.9411389248
-26061.9411389248
-26061.2275777682
-26061.5025323899
-26061.5025323899
-26062.1664021466
-26063.4036044044
-26075.1395734157
-26063.4036044044
-26063.4036044044
-26063.0383434090
-26063.0383434090
-26063.0383434090
-26061.0776129295
-26061.0776129295
-26061.0776129295
-26061.0776129295
-26063.6666966948
-26061.0776129295
-26070.9368428377
-26069.3367754593
-26068.4594322054
-26079.7491141140
-26068.4594322054
-26061.0776129295
-26076.9825396654
-26062.4276601174
-26062.4276601174
-26062.4276601174
-26074.1636291287
-26074.7619720058
-26064.3091420481
-26064.3091420481
-26076.0451110594
-26078.9857862215
-26064.3091420481
-26073.9570421526
-26064.3091420481
-26064.3091420481
-26064.3091420481
-26062.9133234083
-26067.6585011276
-26062.9133234083
-26062.9133234083
-26062.9133234083
-26062.9769243793
-26063.2967286989
-26075.0326977101
-26063.2967286989
-26063.2967286989
-26064.0009363120
-26064.0009363120
-26064.7315079679
-26064.7315079679
-26064.7315079679
-26061.1881832881
-26072.9241522994
-26061.1881832881
-26073.5996706785
-26061.1881832881
-26072.9023589469
-26075.3142107403
-26060.7898330246
-26060.7898330246
-26072.1648930767
-26060.4289240654
-26060.4289240654
-26060.4289240654
-26081.5567103847
-26070.9321521916
-26061.3021811042
-26061.4742592637
-26061.4742592637
-26061.4742592637
-26061.4742592637
-26063.6292081251
-26061.4742592637
-26061.4742592637
-26061.4742592637
-26061.4742592637
-26061.4742592637
-26061.4742592637
-26061.4742592637
-26061.4742592637
-26060.9730410147
-26060.9730410147
-26072.7090100260
-26065.6956999110
-26063.0894350592
-26067.0420048680
-26076.1718663809
-26064.4358973696
-26062.6660146971
-26062.6660146971
-26074.4019837084
-26062.6660146971
-26062.6660146971
-26062.7062622467
-26062.9624468562
-26062.1974897856
-26073.9334587968
-26062.1974897856
-26064.3969296040
-26062.1974897856
-26062.1974897856
-26062.1974897856
-26062.1974897856
-26063.2456929627
-26063.2456929627
-26063.2456929626
-26061.9453323484
-26065.0273825803
-26062.8372896074
-26074.5732586187
-26061.8370287772
-26062.2813612439
-26062.2813612439
-26061.6435348673
-26061.6435348673
-26061.6435348673
-26061.6435348673
-26061.6435348673
-26061.6435348673
-26073.2786783550
-26061.6435348673
-26061.6435348673
-26063.8345604432
-26062.7246856428
-26062.7001589717
-26065.3134078140
-26062.7001589717
-26074.4361279829
-26065.3134078140
-26065.9770390249
-26065.3976743559
-26065.3976743559
-26065.3976743559
-26065.3976743559
-26065.3976743559
-26067.2046556708
-26067.2046556708
-26064.8665564105
-26064.8665564105
-26064.8665564105
-26065.9948435654
-26062.1649763070
-26062.1649763070
-26062.1649763070
-26062.7479847577
-26065.2632319271
-26062.7479847577
-26062.7479847577
-26062.7479847577
-26064.2134905821
-26061.6982434127
-26061.6982434127
-26062.5654465121
-26062.5654465121
-26063.2549416665
-26067.4047457257
-26065.9506267417
-26065.9506267417
-26065.9506267417
-26064.4696997677
-26075.6329265681
-26063.8969575568
-26064.5155499504
-26069.1077633649
-26076.2515189617
-26064.5155499504
-26062.0666420418
-26062.0666420418
-26085.0922929618
-26062.0666420418
-26062.0666420418
-26062.0666420418
-26076.0930592537
-26062.0666420418
-26064.0744706618
-26084.9788406251
-26061.0656251584
-26060.8117838520
-26084.7910905434
-26060.8117838520
-26060.8117838520
-26060.8117838520
-26062.8300840152
-26072.5477528633
-26060.8117838520
-26062.8300840152
-26062.8300840152
-26072.5477528633
-26060.8117838520
-26060.8117838520
-26060.8117838520
-26061.6398987062
-26061.6398987062
-26073.3758677175
-26064.1729841699
-26060.9684625423
-26060.9684625423
-26060.9684625423
-26072.7044315535
-26060.9684625423
-26060.9684625423
-26060.3643792424
-26089.9185054874
-26064.7309767468
-26066.0940276754
-26063.7745476218
-26063.7745476218
-26066.0940276754
-26063.7745476218
-26063.7745476218
-26063.7745476218
-26063.7745476218
-26064.5565978658
-26061.9541891866
-26061.9541891866
-26061.9541891866
-26061.9541891866
-26061.9541891866
-26061.6607681558
-26061.6607681558
-26064.2403042223
-26073.3967371671
-26061.6607681558
-26061.6607681558
-26061.6607681558
-26061.6607681558
-26073.3967371671
-26064.1979845665
-26061.9808487735
-26061.8859084320
-26074.0202699415
-26064.0486875857
-26064.0486875857
-26063.9778855193
-26063.9778855193
-26075.7138545305
-26063.9778855193
-26063.9778855193
-26066.5615557431
-26063.9778855193
-26063.5434148515
-26063.2138348801
-26063.2138348801
-26063.2138348801
-26063.2994090637
-26063.2994090637
-26063.2994090637
-26063.2994090637
-26063.2994090637
-26063.2994090637
-26063.2994090637
-26063.5838980788
-26065.4199991445
-26080.1891072327
-26064.5198958826
-26064.5198958826
-26076.2558648939
-26077.8104072662
-26068.3967555868
-26062.5732587565
-26061.5188386024
-26061.5188386024
-26076.1184073017
-26072.4297418783
-26061.5188386024
-26097.2443694224
-26061.4053743378
-26075.3118443105
-26084.4310252577
-26061.4053743378
-26073.2548076137
-26061.5188386024
-26063.6892911098
-26073.2548076137
-26061.5188386024
-26064.0346671240
-26061.5188386024
-26061.3775587640
-26061.3775587640
-26061.3775587640
-26061.3775587640
-26061.3775587640
-26061.3775587640
-26063.6539718568
-26061.7302858654
-26061.7302858654
-26061.7302858654
-26073.4662548767
-26064.0066989582
-26060.5216256304
-26075.2558182425
-26075.2440425888
-26063.5080735775
-26063.5080735775
-26063.5080735775
-26063.5080735775
-26063.8650001857
-26063.8650001857
-26063.8650001857
