-26066.0951027790
-26066.0951027790
-26064.5972855817
-26064.5972855817
-26065.9005150746
-26065.9005150746
-26065.8267120388
-26065.8267120388
-26065.8267120388
-26066.2353954734
-26066.2353954734
-26066.2353954734
-26066.2353954734
-26066.2353954734
-26066.2353954734
-26066.2353954734
-26066.2353954734
-26066.0457682588
-26067.0819768595
-26065.5323079753
-26065.2440945580
-26065.2440945580
-26065.2440945580
-26065.2440945580
-26065.2440945580
-26064.6777200498
-26063.5621157864
-26063.5621157864
-26063.7361212949
-26064.9178488360
-26064.9178488360
-26064.7550426372
-26064.7550426372
-26066.1220327520
-26066.1547872286
-26066.1547872286
-26068.3753325205
-26064.1525736455
-26064.1525736455
-26065.0215333259
-26065.5322919931
-26064.1907460855
-26063.1036606471
-26061.9942550962
-26061.9942550962
-26061.9942550962
-26061.9942550962
-26061.9942550962
-26061.9942550962
-26061.9942550962
-26061.9942550962
-26061.9942550962
-26061.9942550962
-26061.9942550962
-26063.6797898372
-26063.1967413496
-26063.1967413496
-26063.1967413496
-26063.1967413496
-26061.4681292255
-26061.4681292255
-26061.4681292255
-26061.4681292255
-26061.4681292255
-26061.4681292255
-26061.4681292255
-26061.4681292255
-26076.2808432188
-26061.4681292255
-26061.4681292255
-26061.4681292255
-26061.4681292255
-26061.4681292255
-26061.4681292255
-26061.4681292255
-26061.5834577039
-26061.5834577039
-26061.5834577039
-26072.5718950200
-26063.0414503798
-26063.0414503798
-26063.4155782799
-26061.8130900987
-26061.8130900987
-26064.2934272095
-26063.8656665529
-26061.5287433302
-26061.5287433302
-26061.5287433302
-26061.5287433302
-26061.5287433302
-26061.5287433302
-26061.5287433302
-26061.5287433302
-26061.5287433302
-26061.5287433302
-26061.5287433302
-26061.5287433302
-26061.5287433302
-26061.5287433302
-26061.5287433302
-26064.4926760109
-26064.4926760109
-26064.6497350090
-26064.6497350090
-26065.0158351406
-26065.0158351406
-26067.0735190926
-26065.6121053237
-26065.6121053237
-26065.6121053237
-26064.6677286141
-26064.6677286141
-26066.3728878393
-26066.3728878393
-26066.9704304950
-26068.3748125257
-26067.6788228331
-26067.6788228331
-26067.6788228331
-26067.6788228331
-26065.0461742028
-26065.0461742028
-26065.0461742028
-26065.0461742028
-26065.0461742028
-26065.0461742028
-26065.0461742028
-26065.0461742028
-26067.0489252099
-26070.4487197848
-26071.2948490391
-26073.6209008840
-26073.6209008840
-26071.2311353983
-26067.5461362776
-26065.2206031372
-26063.5271511016
-26063.5271511016
-26063.5271511016
-26063.3456929821
-26063.3456929821
-26063.5271511016
-26063.7482339229
-26063.7482339229
-26063.7482339229
-26063.1166711669
-26063.3787131265
-26063.3787131265
-26064.6143208957
-26064.6143208957
-26064.5662911425
-26064.7531566094
-26064.8388125951
-26064.8388125951
-26064.8388125951
-26064.8388125951
-26065.0917323155
-26065.0917323155
-26065.0917323155
-26065.0917323155
-26065.0917323155
-26065.0917323155
-26065.0917323155
-26065.0917323155
-26065.3221591956
-26065.3221591956
-26065.3221591956
-26065.6327779865
-26065.6327779865
-26065.6327779865
-26065.6327779865
-26065.6327779865
-26065.6327779865
-26065.6327779865
-26063.3599302943
-26063.3599302943
-26063.3599302943
-26065.7138704110
-26065.3735875999
-26066.0346294283
-26063.2681373616
-26078.5827799659
-26068.5837123344
-26068.5837123344
-26068.2527408201
-26068.2527408201
-26078.5777500754
-26066.6625332306
-26069.1612138852
-26068.1437869567
-26077.4284898532
-26068.1437869567
-26068.2908778705
-26067.1235075704
-26065.0726293900
-26063.3356641220
-26062.9462032163
-26062.2039575819
-26062.2039575819
-26062.2039575819
-26062.1608513732
-26062.9564817531
-26062.9564817531
-26062.9564817531
-26065.4532594754
-26065.4532594754
-26065.6130975781
-26065.6130975781
-26065.6130975781
-26065.6130975781
-26063.5488869701
-26063.7247481423
-26063.7247481423
-26063.5065909728
-26063.5065909728
-26062.6950327423
-26062.8408413371
-26062.8408413371
-26062.8408413371
-26062.8408413371
-26062.6399823417
-26064.2379764932
-26064.2379764932
-26063.2056696211
-26063.2056696211
-26063.0899656570
-26064.6165427243
-26064.6165427243
-26064.1478581952
-26065.7478988275
-26066.8758270226
-26066.8758270226
-26066.8758270226
-26066.8758270226
-26066.8758270226
-26068.9812853011
-26067.1612610295
-26067.1612610295
-26067.1612610295
-26067.3409596048
-26067.6512064329
-26067.6512064329
-26068.4662528455
-26068.4638068720
-26068.7996235491
-26068.4662528455
-26068.4662528455
-26068.4662528455
-26064.4310966051
-26064.4310966051
-26064.4310966051
-26064.4310966051
-26064.4310966051
-26064.4310966051
-26064.4310966051
-26065.5848907790
-26068.0248006636
-26070.7334097274
-26067.2569997002
-26067.1088464941
-26067.1088464941
-26067.1088464941
-26067.1088464941
-26066.4436665773
-26078.7296744545
-26067.9539687626
-26067.9539687626
-26066.7433434757
-26066.7433434757
-26066.9283948227
-26067.6722418853
-26069.8825143815
-26073.4614672497
-26073.4614672497
-26073.4614672497
-26073.4614672497
-26073.4614672497
-26071.4856952869
-26069.6302636753
-26069.1185657348
-26069.1185657348
-26069.1185657348
-26067.9447610632
-26069.0207612297
-26064.7830735780
-26064.7830735780
-26068.8003756625
-26069.2063834304
-26069.2063834304
-26065.9359913943
-26065.0308524210
-26065.2586628249
-26065.2586628249
-26065.2586628249
-26065.2586628249
-26065.2586628249
-26065.2586628249
-26063.9262405742
-26062.7206210119
-26062.8226983755
-26062.8226983755
-26062.3909307012
-26062.3909307012
-26062.3909307012
-26064.8980809405
-26064.8980809405
-26064.8980809405
-26064.8980809405
-26064.8980809405
-26065.8333228934
-26065.9536247901
-26067.1902088896
-26067.9383841773
-26065.9536247901
-26065.9536247901
-26065.9536247901
-26065.9536247901
-26068.2247332408
-26067.3452988847
-26067.3452988847
-26067.3452988847
-26066.8862745578
-26066.8862745578
-26066.8862745578
-26066.8862745578
-26068.5734801979
-26071.1825051593
-26071.1825051593
-26065.5629033438
-26065.9406662525
-26066.0458224394
-26066.8329676432
-26066.8329676432
-26066.8329676432
-26066.8329676432
-26064.7954238223
-26064.7954238223
-26064.7954238223
-26063.0822896949
-26063.5486441946
-26066.0755169524
-26066.0755169524
-26063.5694523091
-26063.5694523091
-26063.5694523091
-26063.5694523091
-26063.5694523091
-26063.5694523091
-26063.5694523091
-26063.5694523091
-26063.5694523091
-26062.2539819737
-26062.2539819737
-26062.2539819737
-26062.2539819737
-26062.2539819737
-26062.2539819737
-26063.5326649992
-26064.5761499945
-26064.5761499945
-26064.5278354057
-26064.5278354057
-26067.6871237868
-26071.4653012049
-26071.4653012049
-26063.6959741175
-26063.6959741175
-26063.6959741175
-26065.3658462145
-26065.3658462145
-26065.3658462145
-26065.3658462145
-26065.3658462145
-26065.3814054816
-26065.3814054816
-26065.3814054816
-26065.3814054816
-26065.3814054816
-26065.4285458837
-26065.4285458837
-26065.4285458837
-26066.5729007068
-26065.6184691702
-26065.6184691702
-26065.6184691702
-26065.1854200387
-26065.1854200387
-26065.1854200387
-26065.1854200387
-26065.1854200387
-26072.7623923581
-26071.8475924276
-26072.4334508377
-26069.7520102724
-26069.7520102724
-26069.6237687986
-26069.6237687986
-26069.6237687986
-26069.6237687986
-26069.6237687986
-26065.6978306962
-26064.7860110944
-26064.7860110944
-26064.7860110944
-26064.7860110944
-26064.7860110944
-26064.7183018077
-26064.7183018077
-26064.9520704911
-26064.9520704911
-26064.9520704911
-26064.9520704911
-26064.6388216557
-26064.6388216557
-26064.6388216557
-26064.6388216557
-26064.6388216557
-26064.6388216557
-26064.6388216557
-26064.6388216557
-26064.6388216557
-26064.6388216557
-26079.7591407178
-26076.7612124043
-26064.6191535966
-26064.6191535966
-26064.6191535966
-26064.6191535966
-26064.6191535966
-26064.6191535966
-26064.6191535966
-26064.8624131052
-26064.8624131052
-26064.0441579378
-26063.3265032989
-26063.3265032989
-26062.4191710240
-26062.4191710240
-26062.4191710240
-26063.7139286583
-26063.7139286583
-26063.9485821772
-26063.9485821772
-26063.9485821772
-26063.3182594637
-26063.3182594637
-26063.3182594637
-26063.3182594637
-26063.3182594637
-26063.3182594637
-26063.3182594637
-26063.3182594637
-26064.0637797143
-26064.1174343285
-26073.5554482555
-26063.9832595133
-26063.9832595133
-26063.7913781906
-26063.7913781906
-26065.0463712925
-26065.0463712925
-26064.1964008979
-26065.2493240143
-26065.2493240143
-26066.7793063846
-26066.7793063846
-26066.7793063846
-26066.7793063846
-26066.7793063846
-26066.7793063846
-26067.5731636568
-26067.5731636568
-26063.3793182311
-26077.9919609053
-26062.7903023788
-26065.0399269422
-26064.3003654249
-26064.3003654249
-26064.3003654249
-26064.3003654249
-26064.3003654249
-26064.3003654249
-26064.3003654249
-26064.3003654249
-26077.0605396165
-26064.3003654249
-26065.5757035364
-26066.6467830007
-26066.6467830007
-26066.6467830007
-26066.6467830007
-26065.1566802666
-26065.1566802666
-26065.1566802666
-26065.1566802666
-26065.1566802666
-26065.1566802666
-26065.1566802666
-26062.8104591307
-26062.8104591307
-26062.8104591307
-26062.8104591307
-26062.8104591307
-26062.8104591307
-26062.9047212879
-26062.9047212879
-26062.9047212879
-26062.9047212879
-26064.0638924905
-26064.0638924905
-26064.0638924905
-26064.0638924905
-26067.0497643351
-26068.2473627828
-26068.2473627828
-26066.5541700177
-26066.5541700177
-26066.5541700177
-26066.5541700177
-26064.7606436896
-26064.7606436896
-26064.7606436896
-26065.6931941030
-26065.4802723030
-26065.4802723030
-26065.4802723030
-26066.4360469045
-26066.4360469045
-26066.1798166226
-26066.1798166226
-26064.3359431794
-26064.3359431794
-26064.3359431794
-26063.8635191528
-26063.8635191528
-26063.8635191528
-26064.6133929577
-26064.6133929577
-26064.6133929577
-26066.4220239626
-26066.6889898115
-26066.6889898115
-26066.6889898115
-26066.6889898115
-26081.0663623558
-26066.6889898115
-26066.6889898115
-26066.6889898115
-26066.6889898115
-26066.6889898115
-26066.6889898115
-26066.7015508777
-26066.7015508777
-26066.7015508777
-26066.7015508777
-26066.7015508777
-26066.2653576219
-26067.7751406427
-26068.7875191574
-26069.3805118288
-26064.9796442187
-26064.9796442187
-26065.7090509675
-26065.7090509675
-26065.7090509675
-26062.3222868758
-26062.3222868758
-26062.3222868758
-26071.6052464776
-26061.9145628412
-26061.9145628412
-26061.9145628412
-26061.9145628412
-26061.9145628412
-26061.9145628412
-26061.9145628412
-26061.9145628412
-26061.9145628412
-26062.5550189919
-26062.5550189919
-26064.2765434685
-26064.2765434685
-26064.5405171524
-26065.1419943388
-26065.1419943388
-26065.1419943388
-26065.4701343146
-26062.9119815659
-26062.9119815659
-26062.9119815659
-26062.9119815659
-26066.3016740408
-26066.3016740408
-26066.3016740408
-26066.3016740408
-26066.3016740408
-26063.9595971766
-26063.9595971766
-26063.9595971766
-26062.8844784732
-26062.8844784732
-26063.5633482880
-26063.5633482880
-26062.9859509675
-26063.3216925986
-26063.3216925986
-26063.3216925986
-26063.6938239001
-26063.6938239001
-26063.4850867007
-26063.4850867007
-26065.3106668866
-26066.5533722756
-26066.5533722756
-26066.5533722756
-26066.5533722756
-26065.3015217067
-26065.3015217067
-26065.3015217067
-26065.3015217067
-26065.3015217067
-26065.8570169021
-26065.8570169021
-26064.2698528049
-26066.4269052710
-26066.4269052710
-26066.4269052710
-26066.5022394286
-26066.5022394286
-26068.7395036414
-26068.5489226660
-26068.5489226660
-26068.5489226660
-26066.8484314501
-26066.8484314501
-26066.8484314501
-26066.2843947561
-26066.7503682249
-26066.7503682249
-26066.7503682249
-26064.7618696845
-26064.7618696845
-26064.7618696845
-26064.7618696845
-26064.7618696845
-26064.7618696845
-26064.7618696845
-26064.7618696845
-26064.0220158692
-26064.0220158692
-26063.7537826713
-26063.7537826713
-26063.4474406143
-26063.4474406143
-26063.4474406143
-26062.6425120681
-26062.6425120681
-26062.6425120681
-26062.6425120681
-26061.4103034840
-26070.5748562790
-26061.6604353451
-26061.6604353451
-26061.6604353451
-26061.6604353451
-26069.0459386921
-26061.6604353451
-26061.6604353451
-26061.6604353451
-26061.6604353451
-26061.6604353451
-26061.6604353451
-26061.6604353451
-26061.6604353451
-26061.6604353451
-26061.6604353451
-26061.6604353451
-26061.6604353451
-26061.6604353451
-26061.6604353451
-26061.6604353451
-26061.6604353451
-26061.6604353451
-26061.6604353451
-26061.6604353451
-26061.6604353451
-26061.6604353451
-26061.6604353451
-26061.6604353451
-26061.6604353451
-26061.6604353451
-26062.6354176552
-26063.9513715806
-26072.1841031869
-26063.9718655855
-26063.9718655855
-26063.9718655855
-26064.0810625384
-26063.9119391474
-26063.9119391474
-26063.9119391474
-26062.3929238621
-26062.3929238621
-26062.3602225478
-26062.3602225478
-26063.2373315480
-26063.2373315480
-26063.3275669661
-26063.3275669661
-26063.3275669661
-26063.3275669661
-26062.7258213064
-26062.7258213064
-26062.7258213064
-26063.6006844494
-26062.3511280930
-26062.3511280930
-26063.3468207911
-26063.3468207911
-26063.3468207911
-26063.3468207911
-26063.3468207911
-26063.3468207911
-26063.3468207911
-26063.3468207911
-26063.3468207911
-26063.0056675858
-26063.4583979548
-26064.1769592481
-26064.1769592481
-26064.1769592481
-26076.3762315555
-26064.1457603588
-26064.1457603588
-26064.1457603588
-26063.5161788643
-26063.5161788643
-26063.5161788643
-26063.5161788643
-26065.0269698141
-26065.0269698141
-26065.0269698141
-26065.0269698141
-26063.9832991592
-26063.5631563395
-26063.5631563395
-26063.5631563395
-26063.5631563395
-26063.5631563395
-26063.0414075160
-26063.0414075160
-26063.0414075160
-26064.7586982037
-26064.7586982037
-26064.6617451182
-26064.6617451182
-26064.0241890518
-26064.9039111156
-26064.9039111156
-26064.9039111156
-26067.1422173650
-26064.5277835548
-26064.5277835548
-26064.5277835548
-26064.5277835548
-26064.5277835548
-26076.4211555723
-26065.2557493431
-26065.2557493431
-26065.2557493431
-26065.6765864939
-26065.6765864939
-26065.6765864939
-26065.6765864939
-26065.6765864939
-26065.6765864939
-26065.6765864939
-26065.6765864939
-26065.6765864939
-26065.6765864939
-26064.2820625626
-26064.2820625626
-26064.2820625626
-26067.0728749008
-26065.8068810655
-26065.8068810655
-26065.8068810655
-26067.7411264213
-26067.7411264213
-26067.7802604627
-26067.7802604627
-26068.3369633302
-26067.3588389214
-26067.9114102302
-26067.9114102302
-26067.9114102302
-26067.9114102302
-26069.8441827902
-26069.8441827902
-26064.4364724894
-26064.7476053321
-26064.7476053321
-26064.7476053321
-26065.2243645315
-26065.6115835815
-26065.6115835815
-26078.8937330029
-26068.4033448900
-26068.4033448900
-26066.5974319827
-26066.5974319827
-26064.4313692403
-26075.6912124756
-26063.3583217606
-26063.9371610929
-26063.9371610929
-26063.9371610929
-26062.9879497915
-26062.9879497915
-26062.9879497915
-26062.9879497915
-26062.4315139367
-26062.4315139367
-26062.4315139367
-26062.4315139367
-26062.4315139367
-26062.4315139367
-26062.4315139367
-26062.4315139367
-26064.5301996379
-26065.8523120629
-26066.3589704878
-26065.0470665778
-26076.0356730683
-26065.0470665778
-26065.8004301320
-26065.8004301320
-26064.7936420820
-26064.7936420820
-26065.0314790607
-26065.0314790607
-26065.0314790607
-26065.0314790607
-26065.2767920593
-26065.2767920593
-26064.8909659862
-26064.8909659862
-26064.8909659862
-26078.2296231979
-26066.8836357128
-26066.8836357128
-26066.8836357128
-26064.9405240588
-26064.9405240588
-26064.9405240588
-26064.9405240588
-26062.9532105100
-26061.8741295807
-26061.8741295807
-26061.8741295807
-26061.8741295807
-26062.5115343958
-26062.5115343958
-26062.5115343958
-26062.5115343958
-26062.5115343958
-26062.5115343958
-26062.5115343958
-26062.5115343958
-26062.5115343958
-26063.6106842845
-26063.5486727100
-26063.5486727100
-26063.4242387361
-26063.4242387361
-26063.4242387361
-26063.4242387361
-26063.4242387361
-26062.6935867175
-26062.6935867175
-26062.9119815659
-26070.8696621686
-26062.2664243807
-26062.1550495478
-26062.0411847562
-26062.0411847562
-26062.0411847562
-26062.0411847562
-26062.0411847562
-26062.0411847562
-26062.0411847562
-26062.0411847562
-26062.0411847562
-26061.9559321703
-26061.8460712650
-26061.8460712650
-26061.8460712650
-26061.8460712650
-26063.1496945394
-26063.1496945394
-26063.1496945394
-26063.1496945394
-26064.0360330784
-26066.4735622151
-26067.2522513190
-26066.6471847455
-26066.6471847455
-26065.4598294712
-26065.4598294712
-26066.5233511979
-26067.0336024650
-26067.0336024650
-26067.0336024650
-26067.0336024650
-26067.0336024650
-26067.0336024650
-26067.2162261955
-26067.9544265054
-26068.8406588471
-26066.4782257585
-26065.2128033720
-26065.2128033720
-26063.8770284375
-26063.8770284375
-26064.6451215179
-26066.3345173124
-26066.3345173124
-26067.6710814785
-26067.0577738634
-26067.0577738634
-26067.0577738634
-26067.0577738634
-26065.9240633253
-26065.9240633253
-26065.9032968891
-26065.9032968891
-26065.9032968891
-26063.5631694042
-26063.5631694042
-26063.1231176811
-26062.1462668076
-26061.8374346329
-26062.8783426792
-26062.8783426792
-26072.7403792506
-26065.4280980914
-26065.4280980914
-26065.6902191539
-26065.4064812913
-26065.5422601826
-26065.5422601826
-26067.4188559494
-26067.4188559494
-26066.7843952491
-26063.8911022153
-26072.5310199083
-26064.3561590162
-26064.3561590162
-26064.3561590162
-26064.3561590162
-26064.8514089841
-26064.8514089841
-26063.4837572439
-26063.4837572439
-26063.4837572439
-26062.3503510622
-26062.3503510622
-26062.3503510622
-26062.3503510622
-26062.6567891753
-26065.5691333096
-26065.5708449387
-26065.5708449387
-26062.2289656116
-26062.5494044631
-26062.5494044631
-26062.5494044631
-26062.5494044631
-26062.5494044631
-26062.5494044631
-26062.5494044631
-26062.5494044631
-26062.5494044631
-26063.0403466277
-26063.2757744117
-26063.2757744117
-26063.2757744117
-26063.2757744117
-26061.8290611440
-26061.8290611440
-26066.2092850774
-26066.2092850774
-26066.2092850774
-26066.2092850774
-26066.2092850774
-26066.6803512667
-26066.1223032728
-26066.1223032728
-26062.1150691927
-26062.1150691927
-26062.1150691927
-26062.1150691927
-26062.1150691927
-26062.1150691927
-26062.1150691927
-26062.1150691927
-26062.1150691927
-26062.1150691927
-26062.1150691927
-26062.1150691927
-26062.7864490610
-26062.7864490610
-26062.7864490610
-26062.9851340403
-26062.7238644357
-26062.7238644357
-26062.4029461075
-26062.4029461075
-26062.9344449170
-26062.9344449170
-26063.7954967689
-26063.7954967689
-26063.7954967689
-26064.5531625384
-26064.7208819248
-26064.7208819248
-26065.5594682628
-26065.6737870820
-26065.6737870820
-26065.4649126532
-26067.0955269508
-26068.3206844895
-26068.3206844895
-26068.3206844895
-26068.1673532464
-26068.1673532464
-26065.4453269068
-26065.4453269068
-26065.4453269068
-26065.4453269068
-26065.4453269068
-26065.4453269068
-26064.6116338097
-26064.4552013832
-26066.2790760456
-26065.8737731224
-26065.8737731224
-26064.7953112892
-26064.7953112892
-26064.7953112892
-26064.8302187448
-26064.8302187448
-26064.8302187448
-26064.8302187448
-26066.3420002794
-26066.3420002794
-26065.4093141841
-26065.4093141841
-26065.4093141841
-26063.6525590543
-26063.6525590543
-26066.2854508749
-26066.2854508749
-26066.2854508749
-26073.9991443292
-26065.4045077961
-26064.5528543668
-26068.2303853609
-26065.1816137328
-26065.1816137328
-26063.4103122818
-26063.4103122818
-26063.4103122818
-26064.2116148440
-26062.7365468521
-26062.7365468521
-26063.3223451740
-26063.3223451740
-26063.5163862464
-26063.5163862464
-26063.5163862464
-26063.5163862464
-26064.9586354232
-26064.9586354232
-26064.9586354232
-26064.9586354232
-26064.9586354232
-26064.9586354232
-26062.8993133557
-26062.8993133557
-26078.6172435329
-26062.8993133557
-26063.2136551045
-26063.2136551045
-26063.2136551045
-26063.2136551045
-26063.2136551045
-26063.2136551045
-26063.2136551045
-26063.2136551045
-26063.2136551045
-26063.2136551045
-26063.2136551045
-26063.2136551045
-26063.5598518304
-26063.5598518304
-26063.5598518304
-26076.6630300003
-26062.8082718363
-26062.8082718363
-26062.7454792322
-26062.7454792322
-26062.7454792322
-26062.7454792322
-26062.7454792322
-26062.7454792322
-26062.8630575037
-26062.9641578632
-26062.9641578632
-26062.9641578632
-26063.1665389864
-26063.1665389864
-26063.1665389864
-26063.1665389864
-26063.0654386269
-26062.9228523051
-26064.4811674857
-26064.4811674857
-26064.5260296081
-26079.3325416422
-26064.8304776690
-26064.8304776690
-26064.8304776690
-26064.8304776690
-26064.8304776690
-26064.8304776690
-26064.8304776690
-26064.8304776690
-26065.3837128269
-26065.3837128269
-26065.3837128269
-26062.8305927694
-26063.2713805943
-26063.2713805943
-26063.2713805943
-26062.7133272759
-26064.3618106340
-26064.3618106340
-26064.3618106340
-26066.2577222481
-26065.8819887448
-26065.8819887448
-26065.8157435982
-26065.8157435982
-26065.8157435982
-26065.8157435982
-26065.8157435982
-26066.2396714704
-26069.8145372194
-26068.6104592361
-26070.4801255108
-26070.6697965087
-26070.6697965087
-26068.9166013604
-26068.0696092907
-26068.2797532260
-26068.2797532260
-26068.2797532260
-26068.2797532260
-26067.4946779789
-26067.8166186088
-26067.8166186088
-26067.8166186088
-26067.8166186088
-26067.8166186088
-26067.8166186088
-26067.8166186088
-26067.8166186088
-26067.8166186088
-26066.4259073983
-26066.4259073983
-26067.7021378420
-26067.2910851860
-26069.8853526124
-26069.8853526124
-26069.8853526124
-26067.1533046766
-26065.0277728580
-26065.0277728580
-26064.5441181305
-26064.5441181305
-26064.5441181305
-26076.5305389424
-26064.5441181305
-26064.5441181305
-26065.6801473187
-26065.6801473187
-26066.5903338300
-26066.5903338300
-26066.5903338300
-26066.5903338300
-26064.1173316629
-26073.5674395462
-26063.5921654432
-26063.5921654432
-26073.8687817846
-26062.0260717712
-26062.0260717712
-26062.0260717712
-26062.0260717712
-26062.5512379910
-26063.3652686796
-26063.3652686796
-26063.3652686796
-26063.8257243536
-26062.8922766940
-26062.8922766940
-26062.8922766940
-26063.6514013376
-26063.6514013376
-26063.6514013376
-26063.6514013376
-26063.3179856926
-26062.8300571108
-26062.6645306177
-26062.3771510584
-26062.3771510584
-26062.3771510584
-26062.3771510584
-26062.3771510584
-26063.8413051532
-26063.8413051532
-26063.8413051532
-26064.6864296993
-26064.8898856388
-26064.8898856388
-26064.8898856388
-26064.8898856388
-26064.8898856388
-26064.8898856388
-26064.8898856388
-26064.8898856388
-26064.8898856388
-26064.9106249012
-26065.3463182144
-26065.3463182144
-26065.3463182144
-26065.0047815842
-26065.0047815842
-26065.0047815842
-26065.0047815842
-26064.6639637054
-26064.6639637054
-26065.0438179291
-26075.5239097670
-26062.8346261333
-26062.8346261333
-26062.8346261333
-26062.8346261333
-26072.1043937037
-26062.5449203654
-26062.5449203654
-26062.5449203654
-26062.5449203654
-26062.5449203654
-26062.5449203654
-26062.5449203654
-26062.6715328398
-26062.6715328398
-26062.6715328398
-26062.6715328398
-26062.6715328398
-26062.6715328398
-26062.6981629243
-26063.2078267772
-26063.2078267772
-26063.2078267772
-26063.2078267772
-26063.0296197386
-26065.2102515773
-26064.1066002679
-26064.1066002679
-26064.2916211592
-26064.2916211592
-26064.2916211591
-26064.7141237522
-26063.4352644179
-26063.4352644179
-26063.5700031813
-26063.5700031813
-26063.5700031813
-26063.5700031813
-26063.5700031813
-26063.5700031813
-26063.5700031813
-26062.5919636953
-26062.5919636953
-26062.9063504209
-26062.9063504209
-26062.9063504209
-26062.9063504209
-26062.9063504209
-26066.8809825556
-26066.8809825556
-26066.8809825556
-26066.8809825556
-26064.7038074018
-26064.7038074018
-26064.7038074018
-26064.7038074018
-26064.7038074018
-26072.3786217942
-26066.5995548786
-26066.5995548786
-26066.5995548786
-26065.7161368064
-26066.5943555479
-26069.0227761375
-26069.0227761375
-26069.2152666056
-26069.2152666056
-26069.2152666056
-26069.2152666056
-26069.2152666056
-26069.2152666056
-26069.2152666056
-26069.2152666056
-26069.2152666056
-26072.0359737453
-26073.9395221177
-26073.8377275663
-26073.8377275663
-26073.8377275663
-26069.3847414981
-26066.3722075590
-26066.3722075590
-26066.3722075590
-26064.8524538580
-26079.5457630417
-26064.8524538580
-26064.8524538580
-26064.8524538580
-26064.8524538580
-26064.8524538580
-26064.8524538580
-26065.3281613394
-26065.3281613394
-26063.9371279017
-26063.9371279016
-26063.9662961700
-26064.6638618941
-26064.6638618941
-26064.6638618941
-26064.6638618941
-26064.6638618941
-26065.9917153215
-26065.9917153215
-26065.9917153215
-26064.4938078984
-26064.4938078984
-26063.0116239781
-26063.0116239781
-26063.0116239781
-26063.0116239781
-26063.0116239781
-26063.0116239781
-26063.0116239781
-26063.0116239781
-26077.3887395795
-26062.5011851959
-26067.1725726371
-26067.1725726371
-26068.2289590237
-26068.2289590237
-26064.2003440340
-26066.8653490692
-26063.6134825077
-26063.6134825077
-26062.4032967633
-26061.8434363452
-26061.8434363452
-26062.2705224408
-26062.2705224408
-26062.2705224408
-26062.9907776483
-26062.9907776483
-26062.9907776483
-26062.9907776483
-26063.6969581263
-26063.6969581263
-26063.9192717666
-26063.9192717666
-26063.9192717666
-26062.8253739882
-26062.8253739882
-26062.8253739882
-26062.8253739882
-26062.8253739882
-26062.8253739882
-26062.8253739882
-26062.4304678139
-26062.8079792937
-26062.8079792937
-26071.6718832342
-26062.8079792937
-26064.4358042049
-26064.4358042049
-26064.4358042049
-26064.4358042049
-26064.4358042049
-26069.0409794085
-26069.0409794085
-26066.8910031758
-26063.7033480367
-26063.7033480367
-26063.7033480367
-26063.7033480367
-26067.1691232757
-26065.4504549689
-26065.3187392548
-26064.2578336161
-26062.0988146637
-26062.0988146636
-26062.0988146636
-26062.0988146636
-26062.2309666164
-26062.2309666164
-26062.2309666164
-26062.2309666164
-26062.2309666164
-26062.2309666164
-26062.2309666164
-26062.2309666164
-26062.4601228979
-26064.2097896142
-26062.0263899183
-26063.4032044252
-26065.7043647824
-26065.7012553535
-26065.7012553535
-26064.5284143397
-26064.5284143397
-26064.5284143397
-26064.2464944592
-26064.2464944592
-26064.6752134626
-26064.6087373650
-26064.4848746094
-26062.6821771179
-26062.6821771179
-26073.8279284098
-26062.6821771179
-26062.6821771179
-26062.6821771179
-26062.6821771179
-26062.6821771179
-26062.6821771179
-26062.6821771179
-26062.6821771179
-26062.6946898483
-26062.6946898483
-26062.6525196609
-26062.6525196609
-26072.5047777433
-26063.1515148405
-26063.1515148405
-26063.1515148405
-26062.9586924757
-26062.9586924757
-26062.9586924757
-26062.9586924757
-26062.9586924757
-26062.9586924757
-26062.9586924757
-26062.9586924757
-26062.9586924757
-26062.9586924757
-26062.9586924757
-26062.9586924757
-26062.9586924757
-26062.9586924757
-26062.6101811720
-26063.4903569842
-26063.2229641891
-26062.4800560996
-26063.5622776763
-26063.9519658261
-26063.9519658261
-26063.9519658261
-26063.9519658261
-26063.7211938328
-26063.7211938328
-26063.7684549398
-26063.9259755702
-26066.1714911799
-26066.1714911799
-26066.2072332860
-26066.2072332860
-26066.2072332860
-26066.2072332860
-26063.8338346452
-26065.3684063248
-26065.0923380124
-26065.1120126207
-26065.1120126207
-26065.1120126207
-26065.2815186774
-26065.0020617148
-26065.0020617148
-26066.2969745047
-26078.0174868345
-26066.4472894796
-26065.7325768059
-26065.7325768059
-26065.7325768059
-26065.7325768059
-26063.1941020195
-26063.1941020195
-26065.6953168209
-26064.3075473004
-26064.3075473004
-26064.3075473004
-26064.3075473004
-26064.6241725146
-26064.6241725146
-26066.2357577568
-26066.2357577568
-26062.8949280723
-26062.8949280723
-26072.7313293434
-26063.9139233646
-26063.9139233646
-26063.9139233646
-26063.9139233646
-26063.9139233646
-26063.9139233646
-26065.8196642059
-26065.4336830981
-26065.4336830981
-26065.1414178454
-26065.1414178454
-26065.2264834557
-26065.2264834557
-26064.9366766489
-26064.9366766489
-26064.9366766489
-26066.8559602293
-26066.8559602293
-26066.8559602293
-26066.0515561687
-26066.6413727532
-26065.7384563824
-26065.7384563824
-26065.7384563824
-26063.7939795855
-26063.9143016152
-26063.9143016152
-26063.9143016152
-26063.9143016152
-26064.4158647883
-26064.4158647883
-26064.8750483745
-26065.8529838424
-26065.8529838424
-26065.8529838424
-26065.8529838424
-26065.8529838424
-26065.8529838424
-26062.4224899550
-26062.4224899550
-26062.4224899550
-26062.4224899550
-26062.4224899550
-26061.4826676541
-26062.5188782097
-26062.5188782097
-26062.5188782097
-26062.5188782097
-26062.5188782097
-26063.4591336024
-26063.4591336024
-26063.4591336024
-26063.1752143573
-26063.1752143573
-26063.1752143573
-26063.7545243031
-26063.7545243031
-26063.7545243031
-26063.7545243031
-26064.0908945503
-26064.0908945503
-26064.0908945503
-26064.0908945503
-26064.0908945503
-26064.0908945503
-26065.9404843127
-26065.9404843127
-26065.9404843127
-26063.4963794960
-26063.4963794960
-26063.4963794960
-26066.8967127150
-26063.6925899503
-26063.6925899503
-26064.1119649695
-26063.5824893482
-26063.3197109716
-26063.3197109716
-26063.3197109716
-26063.3197109716
-26063.3197109716
-26063.3197109716
-26063.3197109716
-26063.3197109716
-26063.3197109716
-26063.3197109716
-26063.9343274615
-26063.9343274615
-26071.8525180928
-26063.9343274615
-26063.9343274615
-26065.9104858370
-26065.6486669710
-26065.6486669710
-26065.6486669710
-26065.6486669710
-26065.6399899636
-26065.6399899636
-26064.7549210435
-26063.1713684400
-26065.1468450198
-26065.1468450198
-26065.1468450198
-26065.1468450198
-26066.2505461895
-26066.2505461895
-26075.4527145162
-26066.6565539574
-26066.6565539574
-26066.9281730664
-26066.9281730664
-26067.1584430026
-26067.0266628887
-26067.0266628887
-26069.0491858612
-26066.8551010800
-26066.8979277076
-26066.8979277076
-26066.8979277076
-26066.8979277076
-26066.8979277076
-26065.6946576824
-26065.6946576824
-26065.6946576824
-26068.8725069620
-26068.8725069620
-26080.9391685213
-26066.2015938920
-26066.2015938920
-26066.2015938920
-26065.8419387135
-26063.7263621804
-26063.7263621804
-26067.3418758680
-26063.7663723601
-26063.7663723601
-26064.7798350870
-26064.7798350870
-26064.7798350870
-26063.4734254978
-26063.4909077137
-26063.4909077137
-26063.4909077137
-26063.4909077137
-26063.4909077137
-26066.5592786874
-26067.0105246772
-26078.4097942164
-26062.8173065085
-26063.5010102732
-26063.5010102732
-26063.5010102732
-26064.7543938049
-26064.7543938049
-26063.3762743765
-26072.8870593075
-26063.3762743765
-26063.3762743765
-26063.3762743765
-26063.3762743765
-26063.3762743765
-26063.3762743765
-26063.3762743765
-26063.3762743765
-26063.6067370841
-26063.6067370841
-26063.6067370841
-26063.8971020036
-26067.8402516869
-26067.0164596856
-26067.0164596856
-26067.0164596856
-26067.0164596856
-26067.0164596856
-26067.0164596856
-26067.0164596856
-26065.9926266155
-26065.8392356158
-26065.8392356158
-26065.8392356158
-26065.8392356158
-26066.4328156770
-26066.4328156770
-26066.4328156770
-26069.8981110367
-26069.7383149763
-26069.7383149763
-26069.0740110380
-26068.8280568245
-26068.8280568245
-26068.8280568245
-26069.5955816263
-26069.5955816263
-26069.5955816263
-26069.5955816263
-26067.0536380653
-26066.8647589651
-26066.8647589651
-26066.2655815110
-26066.2655815110
-26063.7019117237
-26063.7019117237
-26063.4319348634
-26066.7237935414
-26062.8580116082
-26062.8580116082
-26062.8580116082
-26062.8580116082
-26062.8580116082
-26063.1827860467
-26063.1827860467
-26063.1827860467
-26063.1827860467
-26063.1827860467
-26063.1827860467
-26063.2276710656
-26063.2204075037
-26064.5545446251
-26064.2957120175
-26063.2204075037
-26063.2204075037
-26063.3742180541
-26063.3742180541
-26063.3742180541
-26063.3742180541
-26063.3742180541
-26063.3742180541
-26063.4642589087
-26063.0557267803
-26063.0557267803
-26063.0557267803
-26062.5269334245
-26062.5269334245
-26062.5269334245
-26062.8493777884
-26062.8493777884
-26062.8493777884
-26062.8493777884
-26062.8493777884
-26062.8493777884
-26064.5229548821
-26064.5229548821
-26064.9069951244
-26063.1888677976
-26063.1888677976
-26063.1888677976
-26063.1888677976
-26063.1888677976
-26063.1888677976
-26062.9843003814
-26062.9843003814
-26062.9843003814
-26062.9843003814
-26062.9843003814
-26062.9843003814
-26062.9843003814
-26063.9774675299
-26063.9774675299
-26063.9774675299
-26063.7882402341
-26063.8739024870
-26063.8739024870
-26064.1234161685
-26063.9959406815
-26063.9959406815
-26066.2878089891
-26066.2878089891
-26063.2757635578
-26064.9777586847
-26064.9777586847
-26064.9777586847
-26064.9777586847
-26064.5734174499
-26065.1515569025
-26065.5729654967
-26066.2895824649
-26066.0523129998
-26066.0523129998
-26068.8337244626
-26078.9619527126
-26066.2908880820
-26066.2908880820
-26065.0440350841
-26064.9014169264
-26064.9014169264
-26068.3623031024
-26064.5714905630
-26069.2876437562
-26069.6726915097
-26069.6726915097
-26067.9805216965
-26067.5647274538
-26067.5647274538
-26067.5647274538
-26064.9278455143
-26064.9278455143
-26064.9278455143
-26064.9278455143
-26064.9278455143
-26064.9278455143
-26066.1689611405
-26066.8010323196
-26067.1806051674
-26065.2658101653
-26067.5301058608
-26066.2078514857
-26066.2078514857
-26066.3804543397
-26066.6430553240
-26065.9179363810
-26065.9179363810
-26065.9179363810
-26065.9179363810
-26064.8110350911
-26065.6953956953
-26065.6953956953
-26078.9775637682
-26065.6953956953
-26065.6953956953
-26066.1370079203
-26065.6234864169
-26065.2703929868
-26065.2703929868
-26065.2703929868
-26065.2703929868
-26065.2703929868
-26066.0902684112
-26063.0017844982
-26063.0017844982
-26063.0017844982
-26063.0017844982
-26063.0017844982
-26064.2363116748
-26063.5712990387
-26063.5712990387
-26065.0527876925
-26065.0527876925
-26067.6520436356
-26066.9032902775
-26066.7301978744
-26065.4437982089
-26066.3576248397
-26066.3576248397
-26066.3576248397
-26068.7056827515
-26068.7056827515
-26065.7931782694
-26065.7931782694
-26062.8361794880
-26062.8361794880
-26063.3283988550
-26063.3283988550
-26063.3283988550
-26064.3646545904
-26064.3646545904
-26064.3646545904
-26064.3646545904
-26062.7645215013
-26062.7645215013
-26062.7645215013
-26065.5392110879
-26066.2653027497
-26066.2653027497
-26066.2653027497
-26068.0233497851
-26068.0233497851
-26067.6504306773
-26066.2997999695
-26066.2997999695
-26066.4608867903
-26066.0038456781
-26066.8448037313
-26066.8269933015
-26062.7518465254
-26062.7518465254
-26062.7518465254
-26062.7518465254
-26062.7518465254
-26062.7518465254
-26062.7518465254
-26062.7518465254
-26066.5004923840
-26066.5004923840
-26066.5004923840
-26066.5004923840
-26066.5004923840
-26066.5004923840
-26066.5004923840
-26066.5004923840
-26066.5004923840
-26066.5004923840
-26066.6057255515
-26066.6057255515
-26063.2521383442
-26063.2521383442
-26065.0222526828
-26062.9507759323
-26062.9507759323
-26062.9507759323
-26064.5369257811
-26064.5369257811
-26064.1884103786
-26073.1147749337
-26064.1884103786
-26064.1884103786
-26064.1884103786
-26064.1884103786
-26066.5101609984
-26064.4885816494
-26064.4885816494
-26064.4885816494
-26064.4885816494
-26064.4885816494
-26063.9487839643
-26064.7903645795
-26064.7903645795
-26066.6070118143
-26063.7509411675
-26063.7509411675
-26063.7878281602
-26063.8111502909
-26064.6012962257
-26064.6012962257
-26064.6012962257
-26064.6012962257
-26062.9425325780
-26062.9425325780
-26062.9425325780
-26062.9425325780
-26062.9425325780
-26062.9425325780
-26064.3063727089
-26067.0438925483
-26067.0438925483
-26067.0438925483
-26066.1901584042
-26067.4372740899
-26064.9472091898
-26064.9472091898
-26064.9472091898
-26064.9472091898
-26066.9263720022
-26066.9263720022
-26066.9263720022
-26066.9263720022
-26068.4255494353
-26068.4255494353
-26073.6163414223
-26073.6163414223
-26064.8088676964
-26065.5927863769
-26069.4040037223
-26069.6664611999
-26069.3726719355
-26069.0627337841
-26067.3445350340
-26067.3445350340
-26067.3445350340
-26068.0845111207
-26068.0845111207
-26068.0845111207
-26068.0845111207
-26068.0845111207
-26068.0845111207
-26068.2754184391
-26068.2392023452
-26068.2392023452
-26066.7349646465
-26063.7748742887
-26063.7748742887
-26063.7748742887
-26063.7748742887
-26063.7748742887
-26063.2553397094
-26063.2553397094
-26063.2553397094
-26063.9384760430
-26063.9384760430
-26063.9153634221
-26063.9153634221
-26064.2418866751
-26064.4260454825
-26063.2721149260
-26063.5595715065
-26063.5595715065
-26063.5595715065
-26062.8783426792
-26062.8783426792
-26073.1312771794
-26064.4401042261
-26064.4401042261
-26063.0364226893
-26063.0364226893
-26063.0364226893
-26063.0364226893
-26063.0364226893
-26063.4069011098
-26063.1300958551
-26063.1300958551
-26065.1505099783
-26066.1253449895
-26066.1253449895
-26068.4397883262
-26068.4397883262
-26068.1988345883
-26068.1988345883
-26066.4954732842
-26064.0191506441
-26065.1064396680
-26065.1064396680
-26065.2226981456
-26065.2226981456
-26065.2226981456
-26065.2226981456
-26065.2226981456
-26063.4016924134
-26063.4016924134
-26073.1979354322
-26066.5251082198
-26066.5251082198
-26065.7692693746
-26065.7692693746
-26065.7692693746
-26065.7692693746
-26065.7692693746
-26065.3280881288
-26065.3280881288
-26065.3280881288
-26065.3280881288
-26065.3280881288
-26067.7685574377
-26067.7685574377
-26067.7685574377
-26066.3365719577
-26066.3365719577
-26066.3365719577
-26065.0540619565
-26064.8192402746
-26074.1075117885
-26064.8192402746
-26064.2263285661
-26064.2263285661
-26064.2263285661
-26064.2263285661
-26064.2263285661
-26064.2263285661
-26065.2081831820
-26064.9165335019
-26064.9165335019
-26064.9165335019
-26064.3389703128
-26065.8656905079
-26065.8656905079
-26066.4783510669
-26065.2368370025
-26063.7296868316
-26063.7296868316
-26062.9248960754
-26062.9248960754
-26062.9248960754
-26061.8652738453
-26061.8652738453
-26061.8652738453
-26061.8652738453
-26061.8652738453
-26061.8652738453
-26061.8652738453
-26061.8652738453
-26061.8652738453
-26072.5701686738
-26062.0236740376
-26062.0236740376
-26062.0236740376
-26062.0236740376
-26062.0236740376
-26062.0236740376
-26062.0236740376
-26062.0236740376
-26062.0236740376
-26064.5265768978
-26064.5265768978
-26064.5265768978
-26062.5247599750
-26062.5247599750
-26062.5247599750
-26062.5247599750
-26062.5247599750
-26062.5247599750
-26062.5979592868
-26062.5979592868
-26062.5979592868
-26062.5979592868
-26064.0827904412
-26064.0827904412
-26064.0827904412
-26064.0827904412
-26064.7264713807
-26064.7264713807
-26065.4273407829
-26064.0774063342
-26064.0774063342
-26064.0774063342
-26064.0774063342
-26064.0774063342
-26064.0774063342
-26063.2621966175
-26062.8500989027
-26062.2174133439
-26062.2174133439
-26062.2174133439
-26073.1501079727
-26062.2174133439
-26062.2174133439
-26062.2174133439
-26062.2174133439
-26062.2174133439
-26062.2174133439
-26062.2174133439
-26062.2174133439
-26062.2174133439
-26062.2174133439
-26062.2174133439
-26063.7655453730
-26079.6775188025
-26064.1041310842
-26063.9835943235
-26063.9835943235
-26063.9835943235
-26063.9835943235
-26063.9835943235
-26063.9835943235
-26063.9835943235
-26063.9835943235
-26063.9835943235
-26063.9835943235
-26063.9835943235
-26063.9835943235
-26063.9835943235
-26063.9835943235
-26064.3558382611
-26064.3558382611
-26064.3558382611
-26064.3558382611
-26064.3558382611
-26064.3558382611
-26065.3359212983
-26065.3850372297
-26065.3850372297
-26062.7844216524
-26064.9426538470
-26064.3614813562
-26064.3614813562
-26077.2177080436
-26064.3614813562
-26063.8445521186
-26063.8445521186
-26063.8445521186
-26063.8445521186
-26063.8445521186
-26063.8445521186
-26063.8445521186
-26063.8445521186
-26063.8445521186
-26063.8445521186
-26063.8445521186
-26063.5449839675
-26063.5449839675
-26063.5449839675
-26062.4866008866
-26063.4604330464
-26063.4604330464
-26063.4604330464
-26063.4604330464
-26063.4604330464
-26063.4604330464
-26063.4604330464
-26063.4604330464
-26063.5619060977
-26063.5619060977
-26063.5619060977
-26063.7090830769
-26063.7090830769
-26063.7090830769
-26063.7090830769
-26063.7090830769
-26063.7090830769
-26062.7217600382
-26062.7217600382
-26062.7217600382
-26062.7217600382
-26062.7217600382
-26062.7217600382
-26062.7217600382
-26062.7217600382
-26062.8617915021
-26062.0161885925
-26062.0161885925
-26062.2499278237
-26063.7112078753
-26063.7112078753
-26063.7112078753
-26067.3521097579
-26067.3521097579
-26065.8527838403
-26062.1041654222
-26062.1041654222
-26062.1041654222
-26062.1041654222
-26062.1041654222
-26064.1945769171
-26064.1945769171
-26065.1454066493
-26065.1454066493
-26065.4454574774
-26063.0650950305
-26062.7875666466
-26062.7875666466
-26062.7875666466
-26075.0282702575
-26064.5139301823
-26064.5139301823
-26064.5139301823
-26064.5139301823
-26064.5139301823
-26064.5139301823
-26064.5139301823
-26064.5139301823
-26064.5139301823
-26064.5139301823
-26064.5139301823
-26066.5034841528
-26066.5034841528
-26066.5034841528
-26066.5034841528
-26066.5034841528
-26066.5034841528
-26066.5034841528
-26066.5034841528
-26066.2599622623
-26066.4686777206
-26066.4686777206
-26066.4686777206
-26066.4686777206
-26068.1629277376
-26066.5133253541
-26066.0963383951
-26066.0963383951
-26066.0963383951
-26066.0963383951
-26066.0963383951
-26065.5685920767
-26065.5685920767
-26065.5685920767
-26065.5685920767
-26065.5685920767
-26065.7215302859
-26065.7215302859
-26065.7215302859
-26064.6103808086
-26064.6103808086
-26064.6103808086
-26064.6103808086
-26064.6103808086
-26064.6103808086
-26063.9075266423
-26063.9075266423
-26063.9075266423
-26063.9075266423
-26063.9075266423
-26063.9075266423
-26066.9547571844
-26063.7817197856
-26063.7817197856
-26063.7817197856
-26063.7817197856
-26063.7817197856
-26064.1394868426
-26064.1394868426
-26064.1394868426
-26064.2112825012
-26064.9462895896
-26064.9462895896
-26064.9462895896
-26064.9462895896
-26064.9462895896
-26065.6124964162
-26065.6124964162
-26065.6124964162
-26064.8512979055
-26064.8512979055
-26064.8512979055
-26064.8512979055
-26064.8512979055
-26064.8512979055
-26073.4830444418
-26064.8512979055
-26064.8512979055
-26064.8512979055
-26064.8512979055
-26065.9698896832
-26065.9698896832
-26065.9698896832
-26065.9698896832
-26065.9698896832
-26065.8132802409
-26065.4981832278
-26065.4981832278
-26065.4981832278
-26067.9523289520
-26067.9523289520
-26067.9523289520
-26082.3937382899
-26068.2555194377
-26068.0225543677
-26067.5991967915
-26067.5991967915
-26067.5991967915
-26067.5991967915
-26064.2441308514
-26064.2441308514
-26064.2441308514
-26064.2441308514
-26062.3321568315
-26062.3321568315
-26062.5253165902
-26062.5253165902
-26062.5253165902
-26062.5253165902
-26062.5253165902
-26064.6710848575
-26064.6710848575
-26063.1287150116
-26062.1743071352
-26061.7527756555
-26062.1319401758
-26062.9149437024
-26062.9149437024
-26063.2960493893
-26063.2960493893
-26064.1764700585
-26064.4160761929
-26063.9399589285
-26063.9399589285
-26063.9399589285
-26063.9399589285
-26064.1994474843
-26064.1994474843
-26063.2690106204
-26063.2690106204
-26063.2690106204
-26063.2690106204
-26063.0322214352
-26063.9942883931
-26065.2069460358
-26064.6687771242
-26064.6687771242
-26063.4348886096
-26063.4348886096
-26063.7385159774
-26063.7385159774
-26063.7385159774
-26062.2767879434
-26063.2150478827
-26063.1372043607
-26072.8204695224
-26063.1372043607
-26063.1372043607
-26063.1372043607
-26063.1372043607
-26063.1372043607
-26063.1372043607
-26063.1372043607
-26063.3725362253
-26063.6600044250
-26063.6600044250
-26063.6600044250
-26063.6600044251
-26063.6600044251
-26064.7779325833
-26065.1420921637
-26064.9397732082
-26064.9397732082
-26064.9397732082
-26064.7791253941
-26066.0060128779
-26066.0060128779
-26066.0060128779
-26066.0060128779
-26066.0060128779
-26064.8053893199
-26063.3426732389
-26063.3426732389
-26063.3426732389
-26063.3426732389
-26063.3426732389
-26066.4629009466
-26066.4629009466
-26066.4629009466
-26066.4629009466
-26066.4629009466
-26066.4629009466
-26064.4060615035
-26064.4060615035
-26064.4060615035
-26064.7981344796
-26065.5416332783
-26065.5416332783
-26064.0810043171
-26064.0810043171
-26064.0810043171
-26064.0810043171
-26064.0810043171
-26064.0810043171
-26064.0810043171
-26064.0810043171
-26064.0810043171
-26063.3426732389
-26062.9448043662
-26062.9448043662
-26062.9448043662
-26062.9448043662
-26062.9448043662
-26062.9448043662
-26062.9448043662
-26062.9448043662
-26062.4503440790
-26062.4503440790
-26062.4503440790
-26062.4503440790
-26062.4503440790
-26062.4503440790
-26062.4503440790
-26062.4503440790
-26065.2232181748
-26065.2232181748
-26065.2232181748
-26066.1413846866
-26066.1413846866
-26066.1413846866
-26066.1413846866
-26068.3259163469
-26068.0596841211
-26064.3777557683
-26064.3777557683
-26066.7314047416
-26066.7314047416
-26066.7314047416
-26066.7314047416
-26066.7314047416
-26066.7314047416
-26066.7314047416
-26066.0987454268
-26066.5853908551
-26067.4952160722
-26063.5027912630
-26063.5027912630
-26063.5027912630
-26063.5027912630
-26063.5027912630
-26063.5027912630
-26063.5027912630
-26063.5027912630
-26063.3397917479
-26062.5983098568
-26062.5983098568
-26062.5983098568
-26062.5983098568
-26062.5983098568
-26063.0158588593
-26063.0158588593
-26063.0158588593
-26063.0158588593
-26063.0158588593
-26063.0158588593
-26063.0158588593
-26063.0158588593
-26063.0158588593
-26063.0158588593
-26063.0158588593
-26063.0158588593
-26063.0158588593
-26063.0158588593
-26063.0158588593
-26063.0158588593
-26063.0158588593
-26063.3962847383
-26063.3962847383
-26063.0966507224
-26063.0966507224
-26063.5653793363
-26063.5653793363
-26063.5653793363
-26063.5653793363
-26063.5653793363
-26064.0990530765
-26064.0990530765
-26064.0990530765
-26064.0990530765
-26064.0990530765
-26062.7984043897
-26062.7984043897
-26062.7984043897
-26062.7984043897
-26062.7984043897
-26062.7984043897
-26062.7984043897
-26062.7984043897
-26062.2316084547
-26062.2316084547
-26062.2316084547
-26062.2316084547
-26062.2316084547
-26062.2316084547
-26062.2316084547
-26062.2316084547
-26062.2316084547
-26062.2316084547
-26062.2316084547
-26062.2316084547
-26063.0038226762
-26063.0038226762
-26063.0038226762
-26063.0038226762
-26063.9927688833
-26063.9927688833
-26063.0686044881
-26062.9582705705
-26062.9582705705
-26062.9582705705
-26062.9582705705
-26062.9582705705
-26062.9582705705
-26062.9582705705
-26062.9582705705
-26062.9582705705
-26062.9582705705
-26062.9582705705
-26062.9582705705
-26062.9582705705
-26062.9582705705
-26062.9582705705
-26062.9582705705
-26062.9582705705
-26062.9582705705
-26062.9582705705
-26062.9582705705
-26063.2962378533
-26065.7373268002
-26065.7373268002
-26080.6876110307
-26065.0399144420
-26062.9293708051
-26062.9293708051
-26062.9293708051
-26062.9293708051
-26063.0233389501
-26063.0233389501
-26072.9504496531
-26064.9342742125
-26074.0365100419
-26065.1969220038
-26062.5627201980
-26062.5627201980
-26062.5627201980
-26062.5627201980
-26062.5627201980
-26062.5627201980
-26063.1215265485
-26063.1215265485
-26063.1215265485
-26063.1215265485
-26063.1215265485
-26063.7905589626
-26063.7905589626
-26063.7905589626
-26063.7905589626
-26063.7905589626
-26063.7905589626
-26063.7905589626
-26063.7905589626
-26063.7905589626
-26063.7905589626
-26063.7905589626
-26063.7905589626
-26064.0099250491
-26064.0099250491
-26064.0099250491
-26073.1065224967
-26063.2726931585
-26063.4163850222
-26063.4163850222
-26063.4163850222
-26063.4163850222
-26062.5799143255
-26062.5799143255
-26062.5799143255
-26062.5799143255
-26062.5799143255
-26062.5799143255
-26062.5799143255
-26063.1535378823
-26063.1535378823
-26063.1535378823
-26063.1535378823
-26062.8582784071
-26062.8582784071
-26062.8582784071
-26062.8582784071
-26064.1929525109
-26064.6088143703
-26064.6088143703
-26064.3561603430
-26064.3561603430
-26065.1596551728
-26065.1596551728
-26065.1596551728
-26066.0713563756
-26064.8803882886
-26066.4376570685
-26066.4376570685
-26063.0042339788
-26063.0042339788
-26063.0042339788
-26063.0042339788
-26063.0042339788
-26063.0042339788
-26063.0042339788
-26063.0042339788
-26063.0042339788
-26063.0042339788
-26063.8670629581
-26063.8670629581
-26063.8670629581
-26063.8670629581
-26063.5924358595
-26065.6932666530
-26065.6932666530
-26065.6932666530
-26065.6932666530
-26065.6932666530
-26064.0516376285
-26064.0516376285
-26064.0516376285
-26064.0516376285
-26064.0516376285
-26073.5277628938
-26062.8247989998
-26062.8247989998
-26062.8247989998
-26062.8247989998
-26062.8247989998
-26062.8247989998
-26062.8247989998
-26062.8247989998
-26062.8247989998
-26062.8247989998
-26062.8247989998
-26063.0131255158
-26062.3700459036
-26062.3700459036
-26062.3700459036
-26062.3700459036
-26063.1577813386
-26063.1577813386
-26063.1577813386
-26063.9101838662
-26063.9101838662
-26063.9101838662
-26063.9101838662
-26063.6815780886
-26072.8246501450
-26063.1577813386
-26063.1577813386
-26063.1577813386
-26063.1577813386
-26063.1577813386
-26063.1577813386
-26074.6654648489
-26065.6778884644
-26064.3804432716
-26064.3804432716
-26064.3804432716
-26062.7362394938
-26062.7362394938
-26062.6610089383
-26062.6610089383
-26067.1494295889
-26062.9297019496
-26063.1335161763
-26063.1335161763
-26063.1335161763
-26063.1203224022
-26062.9334126447
-26064.2763245219
-26064.2763245219
-26063.3645996491
-26063.3645996491
-26063.3645996491
-26063.3645996491
-26063.3645996491
-26063.3645996491
-26062.4177982722
-26062.8305927694
-26062.8305927694
-26062.8305927694
-26062.8305927694
-26062.8305927694
-26062.8305927694
-26062.8305927694
-26062.2497024938
-26062.2497024938
-26062.2497024938
-26062.2497024938
-26062.2497024938
-26062.2497024938
-26062.2497024938
-26062.2497024938
-26062.2497024938
-26062.2497024938
-26062.2497024938
-26062.2497024938
-26062.2497024938
-26063.6554471567
-26063.6554471567
-26063.6554471567
-26063.6554471567
-26063.3424728207
-26063.3424728207
-26062.8682753108
-26062.8682753108
-26062.8682753108
-26063.2954342915
-26063.2954342915
-26064.4153254414
-26064.4153254414
-26065.3882967273
-26065.3882967273
-26065.3882967273
-26067.7580135604
-26067.7580135604
-26066.3038972694
-26066.3038972694
-26062.5225462419
-26062.5225462419
-26062.5225462419
-26062.5225462419
-26062.8758784842
-26062.8758784842
-26062.8758784842
-26062.8758784842
-26062.8758784842
-26063.3594164126
-26072.4593849454
-26063.8429793407
-26063.8429793407
-26063.8429793407
-26063.8429793407
-26063.8429793407
-26063.8429793407
-26063.8429793407
-26063.8429793407
-26063.8429793407
-26064.1193746685
-26064.1193746685
-26062.4958288474
-26062.4958288474
-26062.4958288474
-26062.4958288474
-26063.0979417957
-26065.9177531139
-26063.1506259476
-26063.6385917002
-26063.6385917002
-26063.6385917002
-26063.6385917002
-26063.8608552411
-26064.7063798812
-26063.7884511609
-26063.8384646785
-26064.1517301258
-26065.7951351119
-26065.7951351119
-26075.7892982862
-26065.7951351119
-26065.7951351119
-26065.7951351119
-26065.7951351119
-26066.3782159467
-26068.1240801049
-26066.0053086467
-26066.0700969721
-26066.0123274759
-26068.1708728726
-26068.1708728726
-26068.1708728726
-26065.3297366008
-26065.1767449201
-26064.6843799119
-26065.3785249241
-26065.3785249241
-26065.3785249241
-26065.3785249241
-26063.4940219836
-26063.4940219836
-26063.2174998931
-26063.7151754877
-26063.5398666675
-26063.5398666675
-26063.5398666675
-26064.0322732357
-26063.5139915714
-26064.5648850936
-26063.5839536190
-26063.5839536190
-26063.5839536190
-26063.5839536190
-26063.5839536190
-26063.5839536190
-26063.5839536190
-26062.6452187654
-26062.6452187654
-26062.6452187654
-26062.6452187654
-26062.8968503764
-26063.6836833148
-26063.6836833148
-26062.0902077227
-26066.5907315922
-26066.5907315922
-26066.5907315922
-26066.9406949538
-26066.9406949538
-26066.9406949538
-26066.9406949538
-26077.8211053987
-26066.2141428124
-26061.9817899469
-26061.9817899469
-26061.9817899469
-26061.9817899469
-26061.9817899469
-26062.4216265910
-26062.5694292532
-26062.6778566804
-26062.6778566804
-26062.2826200077
-26062.2826200077
-26062.2826200077
-26062.2826200077
-26063.1062007939
-26063.1062007939
-26064.5343396381
-26064.5343396381
-26069.1110737699
-26069.1110737699
-26069.1110737699
-26066.2896983072
-26065.2262560073
-26065.2262560073
-26065.2262560073
-26063.6931722814
-26072.5851682308
-26062.3930134282
-26062.3930134282
-26062.3930134282
-26062.3930134282
-26062.3930134282
-26062.3930134282
-26062.3930134282
-26062.4316301562
-26062.4025722802
-26063.3456929821
-26063.3456929821
-26063.3456929821
-26063.3456929821
-26063.3456929821
-26063.3456929821
-26063.5965696486
-26064.6794345350
-26064.1996100270
-26063.4756940563
-26063.4756940563
-26062.2502977075
-26062.2502977075
-26062.2502977075
-26062.8539855169
-26064.9950354712
-26064.9950354712
-26065.9665610936
-26063.0633979604
-26063.0633979604
-26063.0633979604
-26063.0633979604
-26063.0633979604
-26063.0633979604
-26063.0633979604
-26063.0633979604
-26063.0633979604
-26063.0633979604
-26063.0633979604
-26064.0984067623
-26064.0984067623
-26064.0984067623
-26062.9656498429
-26063.5190978781
-26063.5190978781
-26063.5190978781
-26063.5190978781
-26064.6749823529
-26064.6749823529
-26064.6749823529
-26064.6749823529
-26064.6749823529
-26063.2131047823
-26063.2131047823
-26064.4581696341
-26064.4581696341
-26064.4581696341
-26064.4581696341
-26064.4581696341
-26063.6376841017
-26063.4177881314
-26063.4177881314
-26062.2407049959
-26071.9173917139
-26062.1076763110
-26062.1076763110
-26062.1076763110
-26062.1076763110
-26062.1076763110
-26062.1076763110
-26062.1076763110
-26062.9936970963
-26063.0021749831
-26064.0184701797
-26063.7543681607
-26063.7543681607
-26063.7543681607
-26063.7543681607
-26063.7543681607
-26063.7543681607
-26064.8290673915
-26064.8290673915
-26064.9446310529
-26064.9446310529
-26064.9446310529
-26066.6074493770
-26070.0446701177
-26062.7995852340
-26062.7995852340
-26063.7337214980
-26063.7337214980
-26063.7337214980
-26063.7337214980
-26063.5570695409
-26075.5019459893
-26063.5570695409
-26065.1572764400
-26064.9387679456
-26063.1816399892
-26063.5610537457
-26063.5610537457
-26063.2597787109
-26063.2597787109
-26062.9418514547
-26064.5071463173
-26064.5071463173
-26065.0383659866
-26065.0383659866
-26065.0383659866
-26065.0383659866
-26065.0383659866
-26064.5472964053
-26064.5472964053
-26063.6275179452
-26063.6275179452
-26063.6275179452
-26063.6275179452
-26063.1526308334
-26063.1526308334
-26062.8948936553
-26062.8948936553
-26062.8948936553
-26062.8948936553
-26062.8948936553
-26062.8948936553
-26063.3166404855
-26063.3166404855
-26064.7750181497
-26064.7750181497
-26064.7750181497
-26064.7750181497
-26064.7750181497
-26064.7750181497
-26064.7750181497
-26064.3600531397
-26064.3600531397
-26064.3600531397
-26064.9919414960
-26064.9919414960
-26067.5831100051
-26067.5831100051
-26067.5831100051
-26064.3364096886
-26064.3364096886
-26064.3364096886
-26064.3364096886
-26064.3364096886
-26064.3364096886
-26065.5756822094
-26065.5756822094
-26065.5756822094
-26065.5756822094
-26065.5756822094
-26065.5756822094
-26065.5756822094
-26065.1730070633
-26065.1942966182
-26065.1942966182
-26065.1942966182
-26064.9355193678
-26064.9355193678
-26064.9355193678
-26064.9355193678
-26064.9355193678
-26065.1826226921
-26065.1826226921
-26065.1826226921
-26065.1826226921
-26065.1826226921
-26065.1826226921
-26065.1826226921
-26065.1826226921
-26065.1826226921
-26065.1158173656
-26065.1158173656
-26065.1158173656
-26065.1158173656
-26064.9608830783
-26064.9608830783
-26064.1845671125
-26064.1845671125
-26064.1845671125
-26064.1845671125
-26064.1845671125
-26064.1845671125
-26064.1845671125
-26064.3896643468
-26064.3896643468
-26064.3896643468
-26064.9278718258
-26064.9278718258
-26064.9278718258
-26064.4522599235
-26064.2287622762
-26064.6707127991
-26064.1325053202
-26067.2188965609
-26063.5425323708
-26063.5425323708
-26063.5425323708
-26063.5425323708
-26063.5425323708
-26073.2540554156
-26063.7833074005
-26063.7833074005
-26064.0627260515
-26062.4271848792
-26062.4271848792
-26062.4271848792
-26062.4271848792
-26062.0792614947
-26062.0792614947
-26062.0792614947
-26062.2896254977
-26062.2896254977
-26062.2896254977
-26062.3353033621
-26062.3353033621
-26062.3353033621
-26071.6328526112
-26062.9181817075
-26062.9181817075
-26062.9181817075
-26062.9181817075
-26062.9181817075
-26062.9181817075
-26062.9181817075
-26062.7630868451
-26062.7630868451
-26062.7630868451
-26062.7630868451
-26063.4433675964
-26063.4433675964
-26063.4433675964
-26063.4433675964
-26062.1424310824
-26062.1424310824
-26062.9294929261
-26062.9294929261
-26062.9294929261
-26062.9294929261
-26077.6047772687
-26064.4544922120
-26064.4544922120
-26064.4544922120
-26064.4544922120
-26064.4544922120
-26064.3274377992
-26064.3274377992
-26064.3645065910
-26064.3645065910
-26065.9062499413
-26065.3821926626
-26065.3821926626
-26065.3018498399
-26064.0274640031
-26064.0274640031
-26064.0274640031
-26065.1003280294
-26065.1003280295
-26065.1003280295
-26062.8172097870
-26062.8172097870
-26062.8172097870
-26062.8172097870
-26062.8172097870
-26063.0807851100
-26066.8033439286
-26076.9394096572
-26066.9670685576
-26066.9670685576
-26066.9670685576
-26065.1687126807
-26065.1687126807
-26065.1687126807
-26065.1687126807
-26065.1687126807
-26065.1687126807
-26065.1687126807
-26065.1687126807
-26065.1687126807
-26064.1186335122
-26064.8207090635
-26064.8207090635
-26064.3259745064
-26064.3259745064
-26064.3259745064
-26067.1135132527
-26067.1135132527
-26067.9599040341
-26069.2420084786
-26069.2420084786
-26069.2420084786
-26069.2420084786
-26068.6937312305
-26068.6937312305
-26067.1786753510
-26076.7384720053
-26067.3369428077
-26067.3369428077
-26066.5159826983
-26066.5159826983
-26066.6331210520
-26063.7043939865
-26063.7043939865
-26063.7043939865
-26063.8470979382
-26063.5718023614
-26063.5718023614
-26064.6469495501
-26066.6528197310
-26068.9071364360
-26068.9071364360
-26067.2622665442
-26067.2622665442
-26067.2622665442
-26068.4587092459
-26068.4587092459
-26066.3901051110
-26066.3901051110
-26066.3901051110
-26066.3901051110
-26065.7473501521
-26065.7473501521
-26065.7473501521
-26065.7473501521
-26066.1790536727
-26066.1790536727
-26068.4420699078
-26066.2499219512
-26066.2499219512
-26066.2499219512
-26066.2499219512
-26066.2499219512
-26065.1724760924
-26064.8258184621
-26065.0853847844
-26065.0853847844
-26064.3934614047
-26064.3934614047
-26064.3934614047
-26064.3934614047
-26064.3934614047
-26063.8986594172
-26063.8986594172
-26063.8986594172
-26063.8986594172
-26063.8986594172
-26063.8986594172
-26063.8986594172
-26062.0019606099
-26062.0019606099
-26062.2397565753
-26062.2397565753
-26062.2397565753
-26062.2397565753
-26062.2397565753
-26062.2397565753
-26062.2397565753
-26062.2397565753
-26076.5796931876
-26062.2397565753
-26062.2397565753
-26062.2397565753
-26062.2397565753
-26062.2397565753
-26062.2397565753
-26062.2397565753
-26063.9782762084
-26063.9782762084
-26063.9782762084
-26063.9782762084
-26063.9782762084
-26064.8679951131
-26064.8679951131
-26064.7200321750
-26063.0638354016
-26063.0638354016
-26064.7279234243
-26061.8630449360
-26061.8630449360
-26061.8630449360
-26061.8630449360
-26061.7074503042
-26061.7074503042
-26061.7074503042
-26061.7074503042
-26061.7074503042
-26061.7074503042
-26062.7099083213
-26062.7099083213
-26062.6776647529
-26062.6776647529
-26062.6776647529
-26062.6776647529
-26062.6776647529
-26064.4587797013
-26064.4587797013
-26064.4587797013
-26064.4587797013
-26064.4587797013
-26062.9421390929
-26062.9421390929
-26062.9421390929
-26062.9421390929
-26062.9421390929
-26062.9421390929
-26062.9421390929
-26062.9421390929
-26063.5775286754
-26063.5775286754
-26063.5775286754
-26062.8328587654
-26062.8328587654
-26064.1542101053
-26064.1542101053
-26066.6249422569
-26066.6249422569
-26066.6249422569
-26071.1581620258
-26069.1810528214
-26069.1810528214
-26068.8778705955
-26068.8778705955
-26066.3598512886
-26066.3598512886
-26066.3598512886
-26066.3598512886
-26064.1564999751
-26064.1564999751
-26064.1564999751
-26064.1564999751
-26064.1564999751
-26064.1564999751
-26064.1564999751
-26064.1564999751
-26064.8832032601
-26064.8832032601
-26064.8832032601
-26064.8832032601
-26063.1568992223
-26064.5414358766
-26062.5752567178
-26062.5752567178
-26062.6851286611
-26062.5547487359
-26062.5547487359
-26062.5547487359
-26062.5547487359
-26061.9464014296
-26061.9464014296
-26061.9464014296
-26061.9464014296
-26061.9464014296
-26061.9464014296
-26061.9464014296
-26062.2394437330
-26062.4660834312
-26062.4660834312
-26062.7860775857
-26062.8439235130
-26062.8439235130
-26062.8439235130
-26062.8439235130
-26062.8439235130
-26062.5850029818
-26063.9407664400
-26063.8140148263
-26063.8140148263
-26063.8140148263
-26061.7353345650
-26061.7353345650
-26061.7353345650
-26061.7353345650
-26061.7353345650
-26061.7353345650
-26061.7353345650
-26061.7353345650
-26061.7353345650
-26064.1273659735
-26064.4403303975
-26064.4403303975
-26064.4403303975
-26064.4403303975
-26064.4403303975
-26064.4403303975
-26064.4403303975
-26064.4403303975
-26067.9020259774
-26067.7936792609
-26067.7936792609
-26067.7936792609
-26067.7936792609
-26068.5014394791
-26068.5014394791
-26068.3908207165
-26069.9330565630
-26069.9330565630
-26063.3846014161
-26063.3846014161
-26076.5852900422
-26063.3846014161
-26063.3846014161
-26063.3846014161
-26063.3846014161
-26077.1119127746
-26068.2293856226
-26069.8499256389
-26069.8499256389
-26070.9158583114
-26065.7084606635
-26065.7084606635
-26065.5133746228
-26064.5522379377
-26063.9812853087
-26063.9812853087
-26063.6429267253
-26065.2499691785
-26065.2499691785
-26065.2499691785
-26065.2499691785
-26064.2250728303
-26064.2250728303
-26062.4512890398
-26062.4512890398
-26062.4512890398
-26062.4512890398
-26062.4512890398
-26063.7081455883
-26063.7081455883
-26063.7081455883
-26061.9964310953
-26061.9964310953
-26061.9698649994
-26061.9698649994
-26061.9698649994
-26061.9698649994
-26061.9698649994
-26061.9698649994
-26061.9698649994
-26061.9698649994
-26061.9698649994
-26061.9698649994
-26063.9102928195
-26063.9102928195
-26063.9102928195
-26065.6253006627
-26071.7018721263
-26063.9102928195
-26065.0052836836
-26065.0052836836
-26065.0052836836
-26065.0052836836
-26063.8916442722
-26063.8916442722
-26063.8916442722
-26063.8916442722
-26063.8916442722
-26063.8916442722
-26062.9570011683
-26062.9570011683
-26063.1994949613
-26063.1994949613
-26062.9271524339
-26062.9271524339
-26063.8849534269
-26063.8849534269
-26063.8849534269
-26063.8849534269
-26063.8849534269
-26063.8849534269
-26063.8849534269
-26063.8849534269
-26063.8849534269
-26063.8849534269
-26071.4619174498
-26062.8056870760
-26062.8056870760
-26062.8056870760
-26063.1558344287
-26074.3354419377
-26067.4601293699
-26064.6946670775
-26067.5740869528
-26066.7693718150
-26066.7693718150
-26066.7693718150
-26065.6966626317
-26065.0539794834
-26065.0539794834
-26065.0539794834
-26065.0539794834
-26065.0539794834
-26065.0539794834
-26063.3486719305
-26073.2394255035
-26063.3486719305
-26065.6405750485
-26065.7575630374
-26065.7575630374
-26066.9067520890
-26066.9067520890
-26065.5944909951
-26065.5944909951
-26081.3073614851
-26065.5944909951
-26065.5944909951
-26065.5944909951
-26066.7289867975
-26067.9525722300
-26067.9525722300
-26067.9525722300
-26071.2269541613
-26063.1344654436
-26063.1344654436
-26062.8198719861
-26062.2130382307
-26062.2130382307
-26062.2130382307
-26062.2130382307
-26062.2130382307
-26061.8454868144
-26061.8454868144
-26061.8454868144
-26061.8454868144
-26062.1258780690
-26062.1258780690
-26062.1258780690
-26062.1258780690
-26062.1258780690
-26062.2683612802
-26064.1896894790
-26064.1896894790
-26064.1896894790
-26063.5472182022
-26066.0014569317
-26066.1109410575
-26067.2642550765
-26070.3918904158
-26066.3467738245
-26063.3802520331
-26063.9159433248
-26063.9159433248
-26063.9159433248
-26063.9159433248
-26063.9159433248
-26062.2641281049
-26062.2641281049
-26062.2641281049
-26062.2641281049
-26062.5373668226
-26062.5373668226
-26062.5373668226
-26062.5373668226
-26062.5373668226
-26062.5373668226
-26062.5373668226
-26062.5373668226
-26062.5373668226
-26062.5373668226
-26062.4430955417
-26062.4430955417
-26062.4430955417
-26062.4430955417
-26062.4430955417
-26062.4430955417
-26062.4430955417
-26062.5582154443
-26062.5582154443
-26062.5582154443
-26062.7582487904
-26062.7582487904
-26063.7765469967
-26063.7765469967
-26063.9906679305
-26063.9906679305
-26063.9906679305
-26063.9906679305
-26063.9906679305
-26064.0392520276
-26068.2662618910
-26068.2662618910
-26066.0461722357
-26066.1021170060
-26064.2077187663
-26064.0020315029
-26064.0020315029
-26064.0020315029
-26064.0020315029
-26063.1595443682
-26063.3873783954
-26063.6271263466
-26063.0885321104
-26070.2454837868
-26062.2530173908
-26062.2530173908
-26062.2530173908
-26062.2530173908
-26062.2530173908
-26062.2530173908
-26062.2530173908
-26062.2530173908
-26062.2530173908
-26063.0103627498
-26062.6462220028
-26062.6462220028
-26061.8862248146
-26061.8862248146
-26062.2472557412
-26062.2472557412
-26070.3634243187
-26062.2472557412
-26062.2472557412
-26062.6860298832
-26062.6860298832
-26062.6860298832
-26063.8149890479
-26063.8149890479
-26063.8149890479
-26063.8149890479
-26063.8149890479
-26063.8149890479
-26063.8149890479
-26063.8149890479
-26063.8149890479
-26063.8149890479
-26065.3460307841
-26065.0425136689
-26063.9467768176
-26063.7733136567
-26064.5050547980
-26064.5050547980
-26064.2701974634
-26063.8619772199
-26063.8619772199
-26065.3468932296
-26065.3468932296
-26065.3468932296
-26065.3468932296
-26065.3468932296
-26067.0322125902
-26070.8502801520
-26067.4933043142
-26067.4933043142
-26067.4933043142
-26068.2106178839
-26067.2192376622
-26068.0665755855
-26064.4451192033
-26064.4451192033
-26064.4451192033
-26064.4451192033
-26064.4451192033
-26064.4451192033
-26065.3570471832
-26065.3570471832
-26064.2666616785
-26064.2665342980
-26064.2665342980
-26064.1848430961
-26064.1848430961
-26064.1848430961
-26064.1848430961
-26064.1848430961
-26066.1227082166
-26066.1227082166
-26067.7003291408
-26067.1688506992
-26066.0348310553
-26066.0348310553
-26067.1354735472
-26067.1354735472
-26067.1354735472
-26067.4185145337
-26066.1881462324
-26065.7291790818
-26064.8462778802
-26064.8462778802
-26066.1313892884
-26066.1313892884
-26066.1313892884
-26067.2052125133
-26067.2052125133
-26068.6832608136
-26068.6832608136
-26068.6832608136
-26068.6832608136
-26068.6832608136
-26067.6655683962
-26067.6655683962
-26066.1297722689
-26066.1297722689
-26066.9158303211
-26066.9158303211
-26066.9158303211
-26066.9158303211
-26066.2055797108
-26066.2055797108
-26066.2055797108
-26066.2055797108
-26064.8108860112
-26063.3243841204
-26063.3243841204
-26063.2432668886
-26067.2673571203
-26067.2673571203
-26067.2673571203
-26064.9156113550
-26064.9156113550
-26064.9156113550
-26064.9445970844
-26064.9445970844
-26065.0411844009
-26065.1341879013
-26065.1341879013
-26064.6004544790
-26064.6004544790
-26064.6004544790
-26065.0135821585
-26065.0135821585
-26068.9944246774
-26068.9944246774
-26068.9944246774
-26068.9944246774
-26068.9944246774
-26066.0638656679
-26066.0638656679
-26064.9934612987
-26064.9934612987
-26064.9934612987
-26064.5810360322
-26064.5810360322
-26064.5810360322
-26064.5810360322
-26065.2126007400
-26068.0628560823
-26068.0628560823
-26067.5029594199
-26064.0072546407
-26064.0072546407
-26063.6322704300
-26064.7244694309
-26064.7244694309
-26064.7244694309
-26064.7244694309
-26064.7244694309
-26064.7244694309
-26064.7244694309
-26064.7244694309
-26064.7244694309
-26065.3630937172
-26065.3630937172
-26063.8404589715
-26063.8404589715
-26063.2389301795
-26063.2389301795
-26063.2389301795
-26063.2389301795
-26063.2389301795
-26063.2389301795
-26075.7883744513
-26064.1698413230
-26064.1698413230
-26064.1698413230
-26065.5851678858
-26065.5851678858
-26065.5398885894
-26073.3952091458
-26065.9774507658
-26065.9774507658
-26066.1497428122
-26066.1497428122
-26066.1497428122
-26066.1497428122
-26069.7525412457
-26069.7525412457
-26079.0342169344
-26069.7525412457
-26069.7525412457
-26069.7525412457
-26066.4071101905
-26067.4658594005
-26067.4658594005
-26073.0489724724
-26063.7149651487
-26063.7149651487
-26063.7149651487
-26063.7149651487
-26063.7149651487
-26063.7149651487
-26064.0067557427
-26064.0067557427
-26064.2903118683
-26065.0931054229
-26065.0931054229
-26065.0931054229
-26065.0931054229
-26065.2500978499
-26065.2500978499
-26065.2500978499
-26065.2500978499
-26067.9379802599
-26068.9476467754
-26068.9476467754
-26068.9476467754
-26069.3320757710
-26069.1496778705
-26069.7988798650
-26069.5443703567
-26069.5443703567
-26069.5443703567
-26069.5443703567
-26074.1485819639
-26065.8504275776
-26065.8504275776
-26065.8504275776
-26068.6694385177
-26068.6694385177
-26068.6694385177
-26068.6694385177
-26065.9304293828
-26069.9169176857
-26069.0591285908
-26066.4560264899
-26077.8089503560
-26063.9428978593
-26063.9428978593
-26063.1084822354
-26063.9221480370
-26063.9221480370
-26072.1547561923
-26063.9221480370
-26063.9221480370
-26063.9221480370
-26063.9221480370
-26064.0177452450
-26064.0177452450
-26064.0177452450
-26064.0177452450
-26064.0177452450
-26064.0177452450
-26063.6526326161
-26066.9904294791
-26066.9904294791
-26067.4223015870
-26067.4223015870
-26067.4223015870
-26067.6013764152
-26069.0886099410
-26069.8580356994
-26069.8580356994
-26069.8580356994
-26068.9036704982
-26069.1866328602
-26065.9460024127
-26064.2812382507
-26064.2728379657
-26064.7099692596
-26064.7099692596
-26064.7757229340
-26065.7730693373
-26064.6491863035
-26063.1611028757
-26063.1611028757
-26062.8118344193
-26062.8118344193
-26064.5709417623
-26064.5709417623
-26063.2656873823
-26063.2656873823
-26063.2656873823
-26063.2656873823
-26063.2656873823
-26064.2562225958
-26068.0609146401
-26067.1660085700
-26066.0073161274
-26066.0073161274
-26065.6749175577
-26065.6749175577
-26065.6749175577
-26064.5331069644
-26064.5331069644
-26063.4302937620
-26063.4302937620
-26063.4302937620
-26064.0346524065
-26066.9839385891
-26067.2686273765
-26067.2686273765
-26067.2686273765
-26067.2686273765
-26067.2686273765
-26064.4029119028
-26064.4029119028
-26077.6129185834
-26064.0575990559
-26064.0575990559
-26064.0735266274
-26064.0735266274
-26064.0735266274
-26064.0735266274
-26064.0735266274
-26064.0735266274
-26064.0735266274
-26064.0735266274
-26063.8270436531
-26063.8270436531
-26063.8270436531
-26063.8270436531
-26063.8270436531
-26064.5046098608
-26064.5046098608
-26063.1936508830
-26063.1936508830
-26063.1936508830
-26063.1936508830
-26063.1936508830
-26063.1936508830
-26063.1936508830
-26063.1936508830
-26064.1038202889
-26064.1038202889
-26064.1038202889
-26064.3646895564
-26063.2180534689
-26063.2180534689
-26063.2180534689
-26063.2180534689
-26063.2180534689
-26063.2180534689
-26063.2180534689
-26064.0269870457
-26068.2374882265
-26068.2374882265
-26068.2374882265
-26067.9078077051
-26067.0434006327
-26083.6625656256
-26062.6690613738
-26062.9521388978
-26062.9521388978
-26062.9521388978
-26062.9521388978
-26062.3956759438
-26062.3956759438
-26062.3956759438
-26062.3956759438
-26062.3956759438
-26062.3956759438
-26062.3956759438
-26062.3956759438
-26063.3138887596
-26064.8014369885
-26064.8014369885
-26064.8014369885
-26064.8014369885
-26064.8676313473
-26064.2670676624
-26064.2670676624
-26064.2670676624
-26064.2670676624
-26065.5061217076
-26067.3545359310
-26066.1362825605
-26064.4000494506
-26064.4000494506
-26068.2522338652
-26068.2522338652
-26068.2522338652
-26064.5069542331
-26064.2994118938
-26064.2994118938
-26074.9425683543
-26064.2994118938
-26077.5428405286
-26063.2028887668
-26063.2028887668
-26063.2028887668
-26062.8996526346
-26062.8996526346
-26062.8996526346
-26062.8996526346
-26062.8996526346
-26062.8996526346
-26062.8996526346
-26062.8996526346
-26062.8996526346
-26062.8996526346
-26062.8996526346
-26062.8996526346
-26062.8996526346
-26073.4126460874
-26063.6615126162
-26063.6615126162
-26063.6615126162
-26063.6615126162
-26063.6615126162
-26063.6615126162
-26063.6615126162
-26063.6615126162
-26063.8542274637
-26064.4411691648
-26064.4411691648
-26065.2516865343
-26065.2516865343
-26065.2516865343
-26073.8886388938
-26065.2527883242
-26065.3687422065
-26065.3687422065
-26065.3687422065
-26065.3687422065
-26067.4051537086
-26067.4051537086
-26067.4051537086
-26067.4051537086
-26067.4051537086
-26065.8260335976
-26065.8260335976
-26065.8260335976
-26065.8260335976
-26065.8260335976
-26064.4626178909
-26064.4626178909
-26066.9283500829
-26066.9283500829
-26066.9283500829
-26068.3009512695
-26067.6158082113
-26069.9545659227
-26066.0425394795
-26066.0425394795
-26065.5909265536
-26065.5909265536
-26064.7162362894
-26064.7162362894
-26064.7162362894
-26066.0955913924
-26066.9232644265
-26066.3908659922
-26066.3908659922
-26066.3908659922
-26066.4355387247
-26066.0625191409
-26066.0162151502
-26066.0162151502
-26065.2228833870
-26065.2228833870
-26065.2547796761
-26065.3279135335
-26063.9701923230
-26063.9701923230
-26063.9701923230
-26063.9701923230
-26063.9701923230
-26063.9701923230
-26063.9701923230
-26063.9701923230
-26063.3590889918
-26075.5867053050
-26064.8347631759
-26064.8347631759
-26077.6510023977
-26065.4636154072
-26064.8936191826
-26064.8936191826
-26064.8936191826
-26065.5556201062
-26065.5556201062
-26066.5675236003
-26066.5675236003
-26068.2534694577
-26068.8475692026
-26066.5812502229
-26065.0062775119
-26065.0062775119
-26066.0847915499
-26065.3979003232
-26065.3979003232
-26066.9636365003
-26066.9636365003
-26066.9636365003
-26066.9636365003
-26067.3685039751
-26066.2938144157
-26066.2938144157
-26066.2938144157
-26064.0315709232
-26063.9613792311
-26063.4750156460
-26063.3478883111
-26063.3478883111
-26063.4395459729
-26063.4395459729
-26063.4395459729
-26063.4395459729
-26063.4395459729
-26063.4395459729
-26063.6321819673
-26063.5046342148
-26063.5046342148
-26063.5046342148
-26063.6220061437
-26063.6220061437
-26063.6220061437
-26065.8325149384
-26065.8325149384
-26065.8325149384
-26064.2420829371
-26065.2086383187
-26065.2086383187
-26065.2086383187
-26065.2086383187
-26065.2086383187
-26065.2086383187
-26065.2086383187
-26066.0096673283
-26066.0096673283
-26066.0096673283
-26066.3926806184
-26066.1529711056
-26066.1529711056
-26066.1529711056
-26065.6175354414
-26065.6175354414
-26065.6175354414
-26065.6175354414
-26067.7500036164
-26067.4282833078
-26065.8187691489
-26065.8187691489
-26065.8187691489
-26065.8187691489
-26069.1849098015
-26069.0199847893
-26069.0199847893
-26069.0199847893
-26068.8851882216
-26066.0670878813
-26066.0670878813
-26066.4591178030
-26066.4591178030
-26066.3848563530
-26066.3848563530
-26066.9606623560
-26066.9606623560
-26066.9680914670
-26064.7954713344
-26064.7954713344
-26064.7954713344
-26064.7954713344
-26062.8855095028
-26063.4127835843
-26063.4127835843
-26063.4127835843
-26062.2896254977
-26062.2896254977
-26062.2896254977
-26062.2896254977
-26063.5337242914
-26063.5337242914
-26063.5337242914
-26063.1360067477
-26063.1360067477
-26063.1360067477
-26065.2218549759
-26065.2218549759
-26065.2218549759
-26081.2896314577
-26066.3826478993
-26066.3826478993
-26066.3826478993
-26064.5058315060
-26064.8332001211
-26064.8332001211
-26064.8332001211
-26064.8332001211
-26064.8332001211
-26064.8332001211
-26064.8332001211
-26064.8332001211
-26064.8332001211
-26064.8332001211
-26064.8332001211
-26064.8332001211
-26064.8332001211
-26063.5003339176
-26063.1654406091
-26063.1654406091
-26063.1654406091
-26062.6742934448
-26064.2692152487
-26064.2692152487
-26062.3696082446
-26062.3696082446
-26062.3696082446
-26062.3696082446
-26063.1943692593
-26063.0656981358
-26063.0656981358
-26063.0656981358
-26063.0656981358
-26063.0656981358
-26063.0656981358
-26063.0656981358
-26061.8503992653
-26061.8503992653
-26061.8503992653
-26061.8503992653
-26063.6018474455
-26064.8624501489
-26064.8624501489
-26064.8624501489
-26064.9714365561
-26064.9714365561
-26065.1862258885
-26065.1862258885
-26065.1862258885
-26065.1862258885
-26066.2308507035
-26063.6508846759
-26063.6508846759
-26063.6508846759
-26063.6508846759
-26063.6508846759
-26063.6508846759
-26063.6508846759
-26063.6508846759
-26063.8384658672
-26065.7467169740
-26063.8445559219
-26063.8445559219
-26063.8445559219
-26063.1399637228
-26063.1399637228
-26063.1399637228
-26063.1399637228
-26063.2725574498
-26062.6071764736
-26062.8450516915
-26062.8450516915
-26062.8450516915
-26062.8450516915
-26062.8450516915
-26062.8450516915
-26076.2269436938
-26062.8450516915
-26063.6378361617
-26063.6378361617
-26063.6378361617
-26063.6378361617
-26063.6378361617
-26065.5713418803
-26065.5713418803
-26065.5713418803
-26065.5713418803
-26064.8986345570
-26064.8986345570
-26064.8986345570
-26064.8986345570
-26070.8481257476
-26071.5340125727
-26066.9574962239
-26063.4745170283
-26063.4745170283
-26063.4745170283
-26063.4745170283
-26063.0595178251
-26064.2244772810
-26064.2244772810
-26063.2079343497
-26063.2079343497
-26063.2079343497
-26063.2079343497
-26063.2079343497
-26073.4007576627
-26063.2079343497
-26063.2079343497
-26063.2079343497
-26063.7889841748
-26063.7889841748
-26062.7544332520
-26062.7544332520
-26064.0239577766
-26062.3341251129
-26062.3341251129
-26062.3341251129
-26062.7293432323
-26062.7293432323
-26062.8008232910
-26064.1401899632
-26064.1401899632
-26064.3056969545
-26064.3056969545
-26064.6442631128
-26064.6442631128
-26064.6474316733
-26064.6474316733
-26062.9147296667
-26062.9147296667
-26062.9147296667
-26062.9147296667
-26074.5478679955
-26063.8666662513
-26063.8666662513
-26063.8666662513
-26063.9919997283
-26063.7090638519
-26063.7090638519
-26063.7090638519
-26063.5372623602
-26063.5372623602
-26063.5372623602
-26063.5372623602
-26063.5372623602
-26063.5372623602
-26063.5372623602
-26063.5372623602
-26063.5372623602
-26063.5372623602
-26062.6708050226
-26062.6708050226
-26062.6708050226
-26062.6708050226
-26062.6708050226
-26062.6708050226
-26062.6708050226
-26062.6708050226
-26062.2699092144
-26062.2699092144
-26063.7260891695
-26063.7260891695
-26061.7175183270
-26061.7175183270
-26061.7175183270
-26061.7175183270
-26061.7175183270
-26061.7175183270
-26061.7175183270
-26061.7175183270
-26061.7175183270
-26062.8288875606
-26062.8288875606
-26062.8288875606
-26062.8288875606
-26062.9388413285
-26062.6213743004
-26071.8968068704
-26067.2988831839
-26066.9324422364
-26066.9324422364
-26066.9324422364
-26066.5356880109
-26065.2361808451
-26065.2361808451
-26065.2361808451
-26065.2361808451
-26065.2361808451
-26065.2361808451
-26065.2361808451
-26065.2361808451
-26064.7835855337
-26064.7835855337
-26066.2717604519
-26066.2717604519
-26073.2998122522
-26068.2669557245
-26063.0739307942
-26064.3096564237
-26064.3096564237
-26064.3096564237
-26064.3096564237
-26064.3096564237
-26064.3096564237
-26073.9512198342
-26064.0075308193
-26064.0075308193
-26064.7244683873
-26064.7244683873
-26066.4069900681
-26063.3471716799
-26063.8959527892
-26063.8959527892
-26063.8959527892
-26064.8444566857
-26064.8444566858
-26064.8444566858
-26066.3081066258
-26066.3081066258
-26063.8959527893
-26063.8959527893
-26063.8959527893
-26063.3253428035
-26063.3253428035
-26063.3253428035
-26063.3253428035
-26063.3253428035
-26063.4862677832
-26064.9942532695
-26065.9014562443
-26063.4328892948
-26063.3578603072
-26063.3578603072
-26063.3578603072
-26063.3578603072
-26063.0753501418
-26062.8059299804
-26066.5395008686
-26064.0212362084
-26063.8145755102
-26063.8145755102
-26063.8145755102
-26063.8145755102
-26063.8145755102
-26063.8145755102
-26063.8145755102
-26063.6705187882
-26063.6705187882
-26063.6705187882
-26063.6705187882
-26063.9984276995
-26064.2370592226
-26063.3541849592
-26062.6138682369
-26063.6938861083
-26063.6938861083
-26063.6938861083
-26063.6938861083
-26066.8866947214
-26066.8866947214
-26064.0735567583
-26065.9293946283
-26063.7066318411
-26064.8632299054
-26064.8632299054
-26064.6911960527
-26064.6911960527
-26064.6911960527
-26064.6911960527
-26064.6911960527
-26064.6911960527
-26066.4113239167
-26066.4113239167
-26065.9349796082
-26065.9349796082
-26065.8584284674
-26064.5035125252
-26064.5035125252
-26064.5035125252
-26064.2814738392
-26064.9607875456
-26064.9607875456
-26064.9607875456
-26064.7063999425
-26064.7063999425
-26064.7063999425
-26065.4175696061
-26065.4175696061
-26065.4175696061
-26065.4175696061
-26065.4175696061
-26065.3494060607
-26067.6236078453
-26067.8906620062
-26067.8906620062
-26065.4288448953
-26065.4288448953
-26065.6164602215
-26075.5154762746
-26064.4270181242
-26064.4270181242
-26064.4270181242
-26064.7751218346
-26064.7751218346
-26063.9411582495
-26063.9411582495
-26063.9411582495
-26063.9411582495
-26062.7473124403
-26062.6067520728
-26062.6067520728
-26062.6067520728
-26062.6067520728
-26062.6067520728
-26062.6067520728
-26062.6067520728
-26062.6067520728
-26062.6067520728
-26062.6786923914
-26064.4194132615
-26064.3729195213
-26064.3729195213
-26065.5688427805
-26063.5220657363
-26063.5220657363
-26063.5220657363
-26063.5220657363
-26063.5220657363
-26063.5220657363
-26063.3677159181
-26062.5127947493
-26065.2551583293
-26065.2551583293
-26065.2551583293
-26064.8702117385
-26064.8702117385
-26064.8702117385
-26064.8702117385
-26064.8702117385
-26064.8702117385
-26066.3586495517
-26066.3586495517
-26066.3586495517
-26065.2394324713
-26064.3275382403
-26064.3275382403
-26064.3275382403
-26074.7271649741
-26063.3195492672
-26063.5582748459
-26072.1655652754
-26063.6843725032
-26064.0370745041
-26062.2145177715
-26062.2145177715
-26062.2145177715
-26062.2145177715
-26062.2145177715
-26062.2145177715
-26062.2145177715
-26062.2145177715
-26062.0587215457
-26062.0587215457
-26062.4473381271
-26062.4473381271
-26062.4473381271
-26062.4473381271
-26062.4473381271
-26062.4473381271
-26062.4473381271
-26062.4473381271
-26062.4473381271
-26062.4473381271
-26062.4473381271
-26064.2601552951
-26064.2601552951
-26065.1922943177
-26065.1922943177
-26073.8486772784
-26065.1922943177
-26065.1922943177
-26065.1922943177
-26065.1922943177
-26073.1307108559
-26065.1922943177
-26065.1922943177
-26063.3942120747
-26063.3942120747
-26063.3942120747
-26075.4147898725
-26063.3942120747
-26063.3942120747
-26063.3942120747
-26063.3942120747
-26063.3942120747
-26063.3942120747
-26063.8098737139
-26062.8437042336
-26065.0082837795
-26065.0082837795
-26065.3911446121
-26065.3911446121
-26069.6363053533
-26071.9268917613
-26071.9268917613
-26068.4102168272
-26068.4102168272
-26068.4102168272
-26068.4102168272
-26069.0473135864
-26069.0473135864
-26064.9327827223
-26064.9327827223
-26062.6300032198
-26062.6300032198
-26062.6300032198
-26062.7346561305
-26073.1896844560
-26062.7346561305
-26062.7346561305
-26062.7346561305
-26062.7346561305
-26063.1007455340
-26063.3359340162
-26063.3359340162
-26063.3359340162
-26063.3359340162
-26063.3359340162
-26063.3359340162
-26062.7346561305
-26062.7346561305
-26062.7161493989
-26063.8233014575
-26063.8233014575
-26063.8233014575
-26063.8233014575
-26063.8233014575
-26063.8233014575
-26063.8715603056
-26063.8715603056
-26063.8715603056
-26063.8715603056
-26062.8795834144
-26062.8795834144
-26062.8795834144
-26062.8795834144
-26062.8795834144
-26062.8795834144
-26062.8795834144
-26062.8795834144
-26063.2736859509
-26063.2736859509
-26064.1340653940
-26064.1340653940
-26064.1340653940
-26064.1340653940
-26063.8738544749
-26063.8738544749
-26063.8738544749
-26063.8738544749
-26063.8738544749
-26064.7520614470
-26063.8639926759
-26063.8639926759
-26063.8639926759
-26063.8639926759
-26063.8639926759
-26063.8639926759
-26063.7782136932
-26063.7619002880
-26063.7619002880
-26063.7619002880
-26063.7619002880
-26063.7619002880
-26063.7619002880
-26063.5268478059
-26063.5268478059
-26063.5268478059
-26063.6872424536
-26063.6872424536
-26065.2100240057
-26063.2364580857
-26064.1078512910
-26064.1078512910
-26064.1078512910
-26064.1078512910
-26064.1078512910
-26063.7485273025
-26074.2320094227
-26065.5244245748
-26065.5244245748
-26065.5244245748
-26068.1271479520
-26068.1271479520
-26068.6394604823
-26066.6690863963
-26066.6690863963
-26064.9503770085
-26062.8704373500
-26062.8704373500
-26062.8704373500
-26062.8704373500
-26062.8895316951
-26062.7307068528
-26062.7307068528
-26062.7307068528
-26062.7307068528
-26062.1888343062
-26062.1888343062
-26062.1888343062
-26062.1888343062
-26062.1888343062
-26065.4838417945
-26065.4838417945
-26065.4838417945
-26065.4838417945
-26065.4838417945
-26062.2055763480
-26062.2055763480
-26062.2055763480
-26062.2055763480
-26062.2055763480
-26062.2055763480
-26061.9612717035
-26063.7323740203
-26063.7323740203
-26063.7323740203
-26063.7323740203
-26063.7323740203
-26064.0023873749
-26064.0023873749
-26063.0336494881
-26063.0336494881
-26063.9908215157
-26063.9908215157
-26063.9908215157
-26063.9908215157
-26063.9908215157
-26063.9908215157
-26063.9908215157
-26063.9908215157
-26063.2753026637
-26063.2753026637
-26063.2753026637
-26063.2753026637
-26063.2753026637
-26064.7444071856
-26064.7444071856
-26064.7444071856
-26064.7444071856
-26064.7444071856
-26064.7444071856
-26064.1401316869
-26066.4095589856
-26067.7028706523
-26067.5880948895
-26067.9920721632
-26067.9920721632
-26067.9920721632
-26067.9920721632
-26067.9920721632
-26067.9920721632
-26064.9240919093
-26064.9240919093
-26065.8779516333
-26065.8779516333
-26065.8779516333
-26065.2251058773
-26065.2251058773
-26067.7712892961
-26067.7712892961
-26064.9090233506
-26064.9090233506
-26066.9889258896
-26066.9889258896
-26066.9889258896
-26066.5698089180
-26066.5698089180
-26066.5698089180
-26067.6787841494
-26067.6787841494
-26067.6787841494
-26067.9087369990
-26067.9087369990
-26066.1175237489
-26068.2630938665
-26068.2630938665
-26068.2630938665
-26068.2630938665
-26068.2630938665
-26068.2630938665
-26068.5558430413
-26068.5558430413
-26068.5558430413
-26064.0658082274
-26064.0658082274
-26064.0658082274
-26064.0658082274
-26064.0658082274
-26064.0658082274
-26063.3317660162
-26063.3317660162
-26063.3317660162
-26063.7730590526
-26063.7730590526
-26063.7730590526
-26063.7730590526
-26063.7730590526
-26063.5042253887
-26064.7638990622
-26064.7638990622
-26063.8677220660
-26063.8677220660
-26066.5995187024
-26066.0245113642
-26063.5155665518
-26063.5155665518
-26063.5155665518
-26063.5155665518
-26063.5155665518
-26064.1067116937
-26064.3211920749
-26064.3211920749
-26064.3211920749
-26064.3211920749
-26065.2969794095
-26064.3229111066
-26065.6102242895
-26065.4584745718
-26065.4584745718
-26065.4584745718
-26065.9135140385
-26065.3197393186
-26065.3197393186
-26065.3197393186
-26062.7308805763
-26062.5523231477
-26062.5523231477
-26063.6911425469
-26066.1849906053
-26066.1849906053
-26066.1849906053
-26066.1849906053
-26066.1849906053
-26066.1849906053
-26066.1849906053
-26063.9028679036
-26063.9028679036
-26063.9028679036
-26063.9028679036
-26063.9028679036
-26063.9028679036
-26063.8314133858
-26063.8314133858
-26063.8314133858
-26063.8314133858
-26063.5244139175
-26063.5244139175
-26063.5244139175
-26063.5244139175
-26063.5244139175
-26063.5244139175
-26064.6986011455
-26063.5080927983
-26066.6424852709
-26063.8898516086
-26063.8898516086
-26063.5679743688
-26063.3981480018
-26063.1860242449
-26063.1860242449
-26063.1860242449
-26063.1860242449
-26063.1860242449
-26063.1860242449
-26063.1860242449
-26063.1860242449
-26063.0503013128
-26064.0494354960
-26074.5471414257
-26064.0494354960
-26066.0451656382
-26066.9651690018
-26065.7442004901
-26067.7035837181
-26064.9187481021
-26064.9187481021
-26064.9187481021
-26073.8355125839
-26064.6968996347
-26064.6968996347
-26064.6968996347
-26064.6968996347
-26064.6968996347
-26065.0310022921
-26063.5018525674
-26063.5018525674
-26063.4274690671
-26063.4274690671
-26063.4274690671
-26063.4274690671
-26063.4274690671
-26063.4274690671
-26063.8731658942
-26063.8731658942
-26063.8731658942
-26064.9987870571
-26064.9987870571
-26064.6503283455
-26064.6503283455
-26065.8638758524
-26065.8638758524
-26065.0887607005
-26065.0887607005
-26065.0887607005
-26065.0887607005
-26065.0887607005
-26064.8123831008
-26064.8123831008
-26066.2577236038
-26065.6279108483
-26065.6279108483
-26065.6279108483
-26063.2873666363
-26063.1724889979
-26073.9633513953
-26063.0434194779
-26063.0434194779
-26063.0434194779
-26063.1045271178
-26063.1045271178
-26077.3963804501
-26063.1045271178
-26063.1045271178
-26063.1045271178
-26063.1045271178
-26063.1045271178
-26063.1045271178
-26063.1045271178
-26063.1045271178
-26063.1045271178
-26062.5574432497
-26062.5574432497
-26062.5574432497
-26062.5574432497
-26062.5574432497
-26062.3122852186
-26062.3122852186
-26062.3122852186
-26062.3122852186
-26062.3122852186
-26062.8179987995
-26062.6375767299
-26062.6375767299
-26062.6375767299
-26062.6375767299
-26062.6375767299
-26062.6375767299
-26062.6375767299
-26062.6375767299
-26061.7274941512
-26062.4154283169
-26063.6079258024
-26062.8940601063
-26062.8940601063
-26062.8940601063
-26063.3835530563
-26062.4154283169
-26062.4154283169
-26063.2219120327
-26063.2219120327
-26062.8449634339
-26062.8449634339
-26062.8449634339
-26062.3366899268
-26061.6629461374
-26061.6629461374
-26061.6629461374
-26061.6629461374
-26061.6629461374
-26070.4200282777
-26061.6629461374
-26061.6629461374
-26061.6629461374
-26061.6629461374
-26061.6629461374
-26063.7611041047
-26063.8954569108
-26063.8954569108
-26063.8954569108
-26063.8954569108
-26063.8954569108
-26063.8954569108
-26077.0768315568
-26065.0345305299
-26065.0345305299
-26065.0345305299
-26064.7408745329
-26064.7408745329
-26064.7408745329
-26064.7408745329
-26063.6057062507
-26064.0436667412
-26064.0436667412
-26063.1891371719
-26063.1891371719
-26063.1891371719
-26061.9294088062
-26066.2443348467
-26066.2443348467
-26065.7936348202
-26065.7936348202
-26065.7936348202
-26065.7936348202
-26065.7936348202
-26065.7936348202
-26065.7936348202
-26064.1834610818
-26064.1834610818
-26064.1834610818
-26064.1834610818
-26064.1834610818
-26064.1834610818
-26064.1834610818
-26064.1834610818
-26064.1834610818
-26064.1834610818
-26064.3676875980
-26064.3676875980
-26064.8709634085
-26064.8709634085
-26066.8805044435
-26066.8805044435
-26067.5265140164
-26067.3609845721
-26067.3609845721
-26066.3033178467
