-26070.9848301304
-26067.8191988201
-26067.8191988201
-26067.8191988201
-26067.8191988201
-26067.8191988201
-26067.8191988201
-26067.8191988201
-26070.8550106155
-26067.4538132338
-26067.4538132338
-26073.5914602911
-26067.4538132338
-26078.7434951425
-26067.4538132338
-26067.4538132338
-26070.6194445442
-26079.4366423230
-26067.4538132338
-26087.3646423029
-26079.4366423230
-26070.6194445442
-26067.4538132338
-26087.0468782718
-26067.4538132338
-26079.4366423230
-26067.4538132338
-26067.4538132338
-26070.6194445442
-26069.9509537521
-26069.9509537521
-26071.3459345898
-26071.3459345898
-26071.3459345898
-26071.3459345898
-26071.3459345898
-26068.1090610799
-26066.7169461326
-26066.7169461326
-26066.7169461326
-26066.7169461326
-26078.4120931493
-26078.0066280412
-26066.7169461326
-26066.7169461326
-26066.7169461326
-26070.1181435142
-26070.1181435142
-26069.8825774429
-26066.7169461326
-26066.7169461326
-26066.7169461326
-26069.8825774429
-26069.8825774429
-26069.8825774429
-26066.7169461326
-26081.8008680110
-26066.7169461326
-26066.7169461326
-26070.1181435142
-26066.7169461326
-26066.7169461326
-26066.7169461326
-26066.7169461326
-26066.7169461326
-26066.7169461326
-26066.7169461326
-26066.7169461326
-26066.7169461326
-26070.1181435142
-26066.7169461326
-26066.7169461326
-26066.7169461326
-26066.7169461326
-26066.7169461326
-26078.6997752218
-26091.7592174520
-26066.7169461326
-26066.7169461326
-26066.7169461326
-26066.7169461326
-26066.7169461326
-26066.7169461326
-26078.4120931493
-26066.7169461326
-26066.7169461326
-26066.7169461326
-26078.0066280412
-26078.6997752218
-26066.7169461326
-26078.0066280412
-26070.1181435142
-26066.7169461326
-26066.7169461326
-26078.4120931493
-26066.7169461326
-26066.7169461326
-26066.7169461326
-26070.1181435142
-26066.7169461326
-26066.7169461326
-26066.7169461326
-26066.7169461326
-26066.7169461326
-26066.7169461326
-26066.7169461326
-26066.7169461326
-26066.7169461326
-26069.8825774429
-26069.8825774429
-26066.7169461326
-26078.6997752218
-26066.7169461326
-26066.7169461326
-26066.7169461326
-26089.5194535012
-26078.0066280412
-26066.7169461326
-26066.7169461326
-26069.8825774429
-26066.7169461326
-26069.8825774429
-26078.6997752218
-26071.1008310577
-26067.6996336760
-26067.6996336760
-26071.1008310577
-26067.6996336760
-26067.6996336760
-26078.9893155847
-26079.3947806928
-26078.9893155847
-26067.6996336760
-26067.6996336760
-26067.6996336760
-26082.7835555545
-26067.6996336760
-26067.6996336760
-26078.6756507209
-26066.6928216316
-26066.6928216316
-26066.6928216316
-26066.6928216316
-26066.6928216316
-26066.6928216316
-26066.6928216316
-26066.6928216316
-26069.8584529420
-26069.8584529420
-26070.0940190133
-26069.8584529420
-26066.6928216316
-26069.8584529420
-26066.6928216316
-26073.8869794434
-26067.0189074131
-26067.0189074131
-26067.0189074131
-26067.0189074131
-26067.0189074131
-26067.0189074131
-26067.0189074131
-26067.0189074131
-26078.7140544298
-26067.0189074131
-26067.0189074131
-26067.0189074131
-26067.0189074131
-26065.9318989224
-26065.9318989224
-26065.9318989224
-26093.0518944046
-26077.9147280116
-26077.9147280116
-26069.3330963041
-26065.9318989224
-26069.0975302327
-26069.3330963041
-26065.9318989224
-26065.9318989224
-26065.9318989224
-26069.0975302327
-26069.0975302327
-26069.0975302327
-26065.9318989224
-26065.9318989224
-26077.2215808311
-26080.6103556927
-26077.2215808311
-26077.2215808311
-26065.9318989224
-26065.9318989224
-26065.9318989224
-26065.9318989224
-26065.9318989224
-26069.0975302327
-26065.9318989224
-26065.9318989224
-26065.9318989224
-26065.9318989224
-26065.9318989224
-26072.0695459797
-26065.9318989224
-26065.9318989224
-26065.9318989224
-26065.9318989224
-26065.9318989224
-26065.9318989224
-26065.9318989224
-26077.9147280116
-26065.9318989224
-26065.9318989224
-26065.9318989224
-26065.9318989224
-26071.9127840292
-26065.9318989224
-26077.9147280116
-26065.9318989224
-26065.9318989224
-26065.9318989224
-26065.9318989224
-26077.9147280116
-26065.9318989224
-26065.9318989224
-26065.9318989224
-26065.9318989224
-26077.9147280116
-26069.0975302327
-26065.9318989224
-26065.9318989224
-26069.0975302327
-26065.9318989224
-26072.7802103358
-26065.9318989224
-26077.9670133575
-26066.6773314488
-26066.6773314488
-26066.6773314488
-26066.6773314488
-26066.6773314488
-26087.5928854782
-26066.6773314488
-26066.6773314488
-26078.6601605380
-26066.6773314488
-26066.6773314488
-26066.6773314488
-26066.6773314488
-26066.6773314488
-26066.6773314488
-26066.6773314488
-26066.6773314488
-26070.0785288305
-26082.2845014710
-26069.5204372791
-26066.3548059687
-26078.3376350579
-26066.3548059687
-26066.3548059687
-26066.3548059687
-26069.5204372791
-26069.7560033504
-26066.3548059687
-26078.3376350579
-26066.3548059687
-26066.3548059687
-26069.7560033504
-26066.3548059687
-26066.3548059687
-26066.3548059687
-26066.3548059687
-26066.3548059687
-26066.3548059687
-26066.3548059687
-26069.7560033504
-26069.7560033504
-26077.6444878774
-26066.3548059687
-26066.3548059687
-26066.3548059687
-26066.3548059687
-26069.7560033504
-26066.3548059687
-26066.3548059687
-26078.3376350579
-26074.3360588845
-26066.3548059687
-26066.3548059687
-26066.3548059687
-26066.3548059687
-26069.5204372791
-26070.1497222514
-26066.7485248697
-26066.7485248697
-26076.3217038700
-26089.8387143108
-26078.0382067784
-26069.2519202090
-26081.2347492982
-26069.2519202090
-26072.6531175907
-26084.2563840278
-26072.5612370110
-26075.7268683213
-26095.6514264521
-26075.7268683213
-26081.5679570564
-26072.5612370110
-26072.5612370110
-26087.6451588894
-26072.5612370110
-26072.5612370110
-26072.5612370110
-26074.9627481783
-26089.1712703027
-26066.3702461743
-26067.3440735923
-26067.3440735923
-26067.3440735923
-26067.3440735923
-26079.0392206091
-26070.5097049027
-26067.3440735923
-26083.5845270355
-26075.1362770387
-26069.0783787466
-26080.3680606553
-26069.0783787466
-26069.0783787466
-26069.0783787466
-26069.0783787466
-26072.4795761283
-26069.0783787466
-26069.0783787466
-26080.3680606553
-26072.4795761283
-26072.2440100570
-26069.0783787466
-26081.0612078359
-26072.2440100570
-26069.0783787466
-26070.5685208959
-26073.7341522062
-26070.5685208959
-26070.5685208959
-26070.5685208959
-26070.5685208959
-26070.5685208959
-26070.5685208959
-26070.5685208959
-26070.5685208959
-26070.5685208959
-26073.7341522062
-26073.9697182775
-26070.5685208959
-26082.1547318084
-26073.7341522062
-26070.5685208959
-26080.8635438583
-26070.5685208959
-26073.7341522062
-26082.2636679126
-26069.2830781003
-26075.2331182432
-26069.2830781003
-26069.2830781003
-26069.2830781003
-26069.2830781003
-26068.3831230479
-26077.3703198686
-26068.3831230479
-26068.3831230479
-26071.5487543583
-26090.5978437516
-26068.3831230479
-26069.1943240023
-26069.1943240023
-26069.1943240023
-26069.1943240023
-26069.1943240023
-26069.1943240023
-26069.1943240023
-26069.1943240023
-26075.3319710596
-26069.1943240023
-26072.3599553126
-26069.1943240023
-26078.9647284618
-26069.1943240023
-26075.2677542721
-26071.9310954115
-26071.9310954115
-26068.7654641012
-26069.1108710472
-26069.1108710472
-26069.1108710472
-26069.1108710472
-26069.1108710472
-26072.2765023576
-26069.1108710472
-26069.1108710472
-26069.1108710472
-26069.1108710472
-26091.9133784159
-26072.2765023576
-26069.1108710472
-26080.4005529559
-26072.2765023576
-26072.2765023576
-26069.1108710472
-26079.2471029247
-26075.0515135396
-26084.4824749981
-26072.2765023576
-26081.0937001364
-26069.1108710472
-26068.4831904490
-26086.4203057270
-26068.4593253767
-26071.8605227583
-26068.4593253767
-26068.4593253767
-26068.4593253767
-26077.9981698156
-26068.4593253767
-26068.4593253767
-26068.4593253767
-26068.4593253767
-26079.7490072853
-26073.7708489868
-26076.9364802971
-26096.5236556265
-26069.5107862150
-26081.4936153042
-26069.5107862150
-26069.5107862150
-26069.5107862150
-26069.5107862150
-26084.1892429853
-26069.5107862150
-26069.5107862150
-26072.6764175253
-26069.5107862150
-26072.9119835966
-26069.5107862150
-26072.6764175253
-26072.6764175253
-26072.6764175253
-26072.6764175253
-26069.5107862150
-26069.5107862150
-26069.5107862150
-26072.9119835966
-26069.5107862150
-26069.5107862150
-26069.5107862150
-26069.5107862150
-26075.1987171240
-26081.4936153042
-26081.4936153042
-26069.5107862150
-26072.9119835966
-26072.6764175253
-26068.7800861295
-26068.7800861295
-26080.0697680382
-26068.7800861295
-26084.3872561517
-26068.7800861295
-26068.7800861295
-26077.8193680485
-26068.7800861295
-26068.7800861295
-26068.7800861295
-26068.7800861295
-26068.7800861295
-26068.7800861295
-26071.9457174399
-26068.7800861295
-26068.7800861295
-26068.7800861295
-26068.7800861295
-26068.7800861295
-26068.7800861295
-26080.0697680382
-26091.8702755706
-26068.7800861295
-26068.7800861295
-26068.7800861295
-26068.7800861295
-26072.1812835112
-26074.3822739098
-26075.5095183734
-26070.6268951939
-26081.9165771026
-26083.4980927621
-26072.2084108535
-26072.2084108535
-26072.2084108535
-26072.2084108535
-26072.2084108535
-26072.2084108535
-26072.2084108535
-26072.2084108535
-26072.2084108535
-26091.6858811070
-26069.4711604033
-26069.4711604033
-26069.4711604033
-26069.4711604033
-26092.2736677719
-26069.4711604033
-26069.4711604033
-26069.4711604033
-26069.4711604033
-26069.4711604033
-26080.7608423119
-26072.6367917136
-26069.4711604033
-26069.4711604033
-26069.4711604033
-26069.4711604033
-26069.4711604033
-26072.6367917136
-26069.4711604033
-26076.0379890953
-26069.4711604033
-26072.3895553319
-26072.3895553319
-26075.5551866423
-26072.3895553319
-26068.3888517356
-26068.3888517356
-26068.3888517356
-26068.3888517356
-26074.1093120298
-26092.0668278415
-26068.3888517356
-26080.3716808248
-26068.3888517356
-26068.3888517356
-26068.3888517356
-26068.3888517356
-26068.3888517356
-26080.0839987523
-26079.6785336442
-26068.3888517356
-26068.3888517356
-26071.5544830459
-26068.3888517356
-26068.3888517356
-26068.3888517356
-26079.4813985860
-26071.3573479877
-26068.1917166773
-26068.1917166773
-26068.1917166773
-26079.4813985860
-26079.4813985860
-26068.1917166773
-26068.1917166773
-26068.1917166773
-26079.4813985860
-26068.1917166773
-26071.5929140590
-26080.1745457666
-26068.1917166773
-26068.1917166773
-26080.1745457666
-26068.1917166773
-26068.1917166773
-26068.1917166773
-26068.1917166773
-26068.1917166773
-26068.1917166773
-26068.1917166773
-26080.1745457666
-26080.1745457666
-26070.2202165829
-26067.0545852726
-26067.0545852726
-26078.3442671812
-26067.0545852726
-26079.0374143618
-26067.0545852726
-26067.0545852726
-26067.0545852726
-26079.0374143618
-26067.0545852726
-26067.0545852726
-26067.0545852726
-26067.0545852726
-26067.0545852726
-26067.0545852726
-26067.0545852726
-26067.0545852726
-26067.0545852726
-26067.0545852726
-26076.2839123418
-26070.2202165829
-26070.2202165829
-26090.7325613785
-26067.0545852726
-26067.0545852726
-26067.0545852726
-26067.0545852726
-26067.0545852726
-26067.0545852726
-26067.0545852726
-26070.2202165829
-26070.2202165829
-26067.0545852726
-26076.5934297115
-26067.0545852726
-26067.0545852726
-26067.0545852726
-26067.0545852726
-26067.0545852726
-26078.7497322893
-26070.2202165829
-26070.4557826542
-26067.0545852726
-26081.1256424144
-26081.1256424144
-26069.1428133252
-26069.1428133252
-26069.1428133252
-26072.5440107069
-26085.1925643982
-26069.8209604473
-26069.8209604473
-26069.8209604473
-26081.1106423560
-26069.8209604473
-26069.8209604473
-26069.8209604473
-26069.8209604473
-26069.8209604473
-26069.8209604473
-26081.1106423560
-26069.8209604473
-26069.8209604473
-26069.8209604473
-26069.8209604473
-26082.2093546497
-26069.8209604473
-26069.8209604473
-26070.4974818989
-26070.4974818989
-26070.4974818989
-26070.4974818989
-26070.4974818989
-26070.4974818989
-26070.4974818989
-26080.0363263378
-26070.4974818989
-26068.0097450986
-26068.0097450986
-26068.0097450986
-26068.0097450986
-26068.0097450986
-26068.0097450986
-26068.0097450986
-26068.0097450986
-26068.0097450986
-26071.1753764089
-26068.0097450986
-26073.9745029249
-26068.0097450986
-26068.0097450986
-26079.2994270073
-26068.0097450986
-26071.1753764089
-26068.0097450986
-26068.0097450986
-26068.0097450986
-26068.0097450986
-26068.0097450986
-26085.9306579405
-26068.0097450986
-26068.0097450986
-26068.0097450986
-26082.9237679402
-26068.0097450986
-26071.1753764089
-26068.0097450986
-26068.0097450986
-26071.4109424803
-26068.0097450986
-26079.2994270073
-26068.0097450986
-26068.0097450986
-26071.4109424803
-26068.0097450986
-26068.0097450986
-26083.0936669770
-26068.0097450986
-26068.0097450986
-26068.0097450986
-26071.4109424803
-26068.0097450986
-26068.0097450986
-26068.0097450986
-26068.0097450986
-26079.2994270073
-26071.4109424803
-26068.0097450986
-26071.1753764089
-26068.0097450986
-26068.0097450986
-26068.0097450986
-26068.0097450986
-26068.0097450986
-26068.0097450986
-26068.0097450986
-26068.0097450986
-26071.1753764089
-26068.0097450986
-26068.0097450986
-26068.0097450986
-26068.0097450986
-26068.0097450986
-26068.0097450986
-26068.0097450986
-26079.9925741878
-26068.0097450986
-26073.8679009394
-26068.0097450986
-26068.0097450986
-26068.0097450986
-26083.3813490495
-26068.0097450986
-26071.4109424803
-26079.9925741878
-26068.0097450986
-26067.6087428200
-26067.6087428200
-26073.7463898773
-26067.6087428200
-26079.3038898368
-26067.6087428200
-26070.7743741303
-26076.1741641771
-26078.8984247286
-26067.6087428200
-26067.6087428200
-26067.6087428200
-26067.6087428200
-26073.7463898773
-26070.7743741303
-26067.6087428200
-26067.6087428200
-26078.8984247286
-26067.6087428200
-26079.3038898368
-26067.6087428200
-26067.6087428200
-26079.5915719092
-26071.0099402017
-26067.6087428200
-26067.6087428200
-26070.7743741303
-26067.6087428200
-26067.6087428200
-26067.6087428200
-26067.6087428200
-26067.6087428200
-26078.8984247286
-26067.6087428200
-26082.9803467709
-26067.6087428200
-26067.6087428200
-26067.6087428200
-26070.7743741303
-26067.6087428200
-26067.6087428200
-26067.6087428200
-26067.6087428200
-26067.6087428200
-26079.5915719092
-26067.6087428200
-26067.6087428200
-26071.0099402017
-26067.6087428200
-26067.6087428200
-26067.6087428200
-26067.6087428200
-26067.6087428200
-26067.6087428200
-26067.6087428200
-26070.7743741303
-26067.6087428200
-26067.6087428200
-26069.5687429301
-26081.2638899469
-26069.5687429301
-26069.5687429301
-26080.8584248388
-26074.1791310824
-26071.0134997720
-26071.0134997720
-26071.0134997720
-26071.0134997720
-26071.0134997720
-26071.0134997720
-26077.5157899429
-26071.0134997720
-26071.0134997720
-26071.0134997720
-26074.1791310824
-26071.0134997720
-26071.0134997720
-26071.0134997720
-26071.0134997720
-26082.3031816807
-26071.0134997720
-26068.8414990215
-26068.8414990215
-26072.0071303319
-26068.8414990215
-26072.2426964032
-26068.8414990215
-26080.1311809302
-26068.8414990215
-26068.8414990215
-26068.8414990215
-26071.2317858863
-26069.2217978282
-26071.8197436116
-26075.2209409933
-26086.7337664533
-26075.2209409933
-26071.8197436116
-26071.8197436116
-26071.8197436116
-26067.6672850959
-26067.6672850959
-26067.6672850959
-26079.3624321127
-26094.5641370268
-26067.6672850959
-26067.6672850959
-26067.6672850959
-26070.8329164063
-26070.8329164063
-26067.6672850959
-26071.0684824776
-26083.0388890468
-26067.6672850959
-26067.6672850959
-26071.0684824776
-26069.7588639124
-26069.7588639124
-26069.7588639124
-26081.4540109291
-26069.7588639124
-26092.8490533534
-26069.7588639124
-26069.7588639124
-26073.1600612940
-26069.7588639124
-26069.7588639124
-26069.7588639124
-26072.9244952227
-26069.7588639124
-26069.7588639124
-26072.9244952227
-26072.9244952227
-26069.7588639124
-26076.5871342774
-26081.4540109291
-26069.7588639124
-26069.7588639124
-26069.7588639124
-26072.4991495148
-26075.9003468965
-26069.3335182045
-26081.3163472937
-26072.4991495148
-26080.6232001131
-26069.3335182045
-26084.7051221554
-26069.3335182045
-26075.9003468965
-26069.3335182045
-26069.3335182045
-26069.3335182045
-26072.4991495148
-26081.0286652212
-26069.6650178543
-26072.8306491646
-26082.3926400055
-26071.9618994246
-26075.1275307349
-26071.9618994246
-26071.9618994246
-26083.6570464413
-26071.9618994246
-26071.9618994246
-26071.9618994246
-26083.2515813332
-26071.9618994246
-26071.9618994246
-26071.9618994246
-26071.9618994246
-26071.9618994246
-26071.9618994246
-26071.9618994246
-26095.0520888656
-26071.9618994246
-26075.1275307349
-26071.9618994246
-26086.6403561949
-26071.9618994246
-26071.5647577517
-26071.5647577517
-26071.5647577517
-26071.5647577517
-26071.5647577517
-26074.7303890621
-26071.5647577517
-26094.6549471928
-26071.5647577517
-26071.5647577517
-26078.1315864437
-26071.5647577517
-26071.5647577517
-26071.5647577517
-26083.1925129480
-26082.2505471190
-26094.2333762082
-26074.3753151691
-26071.2096838588
-26071.2096838588
-26070.2304964456
-26070.2304964456
-26075.7190899534
-26082.2133255348
-26070.2304964456
-26070.2304964456
-26081.5201783543
-26070.2304964456
-26070.2304964456
-26070.2304964456
-26081.5201783543
-26071.9992005327
-26071.9992005327
-26071.9992005327
-26071.9992005327
-26070.1622836563
-26070.1622836563
-26070.1622836563
-26073.5634810380
-26076.2999307136
-26070.1622836563
-26073.5634810380
-26070.1622836563
-26073.3279149666
-26070.1622836563
-26070.1622836563
-26081.8574306731
-26067.6470709514
-26066.8192799022
-26078.8021089914
-26066.8192799022
-26066.8192799022
-26066.8192799022
-26066.8192799022
-26070.2204772838
-26066.8192799022
-26070.2204772838
-26069.4855979971
-26069.4855979971
-26079.8897121025
-26065.7476614159
-26069.1488587976
-26077.7304905052
-26077.4428084327
-26065.7476614159
-26065.7476614159
-26065.7476614159
-26069.1488587976
-26065.7476614159
-26065.7476614159
-26065.7476614159
-26068.9132927263
-26068.9132927263
-26065.7476614159
-26065.7476614159
-26065.7476614159
-26065.7476614159
-26066.2527346359
-26066.2527346359
-26066.2527346359
-26067.4579822939
-26067.4579822939
-26079.4408113831
-26067.4579822939
-26067.4579822939
-26067.4579822939
-26067.4579822939
-26067.4579822939
-26070.6236136042
-26067.4579822939
-26067.4579822939
-26067.4579822939
-26079.3791267064
-26067.4579822939
-26067.4579822939
-26073.5956293512
-26070.6236136042
-26068.9575147108
-26077.7747124897
-26069.1930807821
-26065.7918834005
-26068.9575147108
-26065.7918834005
-26065.7918834005
-26081.7328242024
-26070.0376771856
-26070.0376771856
-26070.0376771856
-26073.2033084960
-26076.1753242429
-26070.0376771856
-26070.0376771856
-26082.0205062748
-26073.4388745673
-26096.9345291165
-26082.0205062748
-26070.0376771856
-26073.2033084960
-26070.0376771856
-26070.0376771856
-26092.2523978893
-26070.0376771856
-26073.4388745673
-26070.0376771856
-26070.0376771856
-26070.0376771856
-26070.5277123264
-26067.3620810160
-26067.3620810160
-26078.6517629247
-26069.2050819830
-26069.2050819830
-26084.1191048246
-26069.4666305294
-26069.4666305294
-26069.4666305294
-26081.1617775462
-26069.4666305294
-26069.4666305294
-26081.4494596186
-26069.4666305294
-26072.6322618398
-26072.6322618398
-26072.6322618398
-26069.4666305294
-26080.7563124381
-26069.4666305294
-26080.7563124381
-26069.4666305294
-26080.7563124381
-26072.8678279111
-26081.1617775462
-26069.4666305294
-26081.1617775462
-26069.4666305294
-26102.0824647583
-26067.3063040844
-26067.3063040844
-26067.3063040844
-26070.7075014661
-26067.3063040844
-26067.3063040844
-26067.3063040844
-26067.3063040844
-26067.3063040844
-26067.3063040844
-26067.3063040844
-26067.3063040844
-26073.8731327764
-26067.3063040844
-26067.3063040844
-26067.3063040844
-26078.5959859931
-26078.5959859931
-26067.3063040844
-26079.2891331736
-26067.3063040844
-26067.3063040844
-26067.3063040844
-26067.3063040844
-26067.3063040844
-26067.3063040844
-26067.3063040844
-26067.3063040844
-26067.3063040844
-26067.3063040844
-26075.9366812809
-26079.5073375457
-26079.0014511012
-26070.7075014661
-26067.3063040844
-26081.9847608547
-26100.2353425519
-26067.3063040844
-26067.5842134290
-26078.8738953376
-26067.5842134290
-26067.5842134290
-26067.5842134290
-26079.5670425182
-26067.5842134290
-26070.7498447393
-26067.9633182359
-26067.9633182359
-26077.7749325130
-26067.9633182359
-26067.9633182359
-26067.9633182359
-26071.3645156176
-26081.2019572198
-26068.4217511223
-26080.6766139320
-26068.4217511223
-26068.4217511223
-26068.4217511223
-26068.4217511223
-26079.7114330309
-26080.4045802115
-26068.4217511223
-26068.4217511223
-26068.4217511223
-26068.4217511223
-26071.5873824326
-26068.4217511223
-26068.4217511223
-26071.5873824326
-26080.6877395617
-26077.4573138788
-26081.3808867422
-26081.3808867422
-26081.3808867422
-26081.6139736087
-26076.1334346903
-26069.6311445195
-26069.6311445195
-26069.6311445195
-26078.2295373506
-26069.6311445195
-26085.0027484704
-26069.6311445195
-26072.7967758298
-26080.9208264281
-26069.6311445195
-26069.6311445195
-26069.6311445195
-26069.6311445195
-26069.6311445195
-26069.6311445195
-26069.6311445195
-26091.8458652232
-26073.0323419011
-26069.6311445195
-26080.9208264281
-26081.3262915362
-26078.6183413401
-26076.1334346903
-26069.6311445195
-26069.6311445195
-26069.6311445195
-26087.5724850759
-26069.6311445195
-26092.7213339606
-26082.3432492428
-26069.7432704612
-26069.7432704612
-26069.7432704612
-26069.7432704612
-26069.7432704612
-26069.7432704612
-26078.0915476866
-26078.0915476866
-26069.7432704612
-26069.7432704612
-26075.8809175185
-26069.7432704612
-26081.7260995505
-26075.8809175185
-26069.7432704612
-26067.8836524277
-26067.8836524277
-26067.8836524277
-26067.8836524277
-26067.8836524277
-26067.8836524277
-26094.2572562148
-26071.0492837380
-26067.8836524277
-26067.8836524277
-26082.7976752693
-26071.2848498093
-26066.9460880691
-26070.1117193794
-26078.2357699777
-26087.9906487366
-26066.9460880691
-26066.9460880691
-26078.6412350858
-26066.9866143632
-26066.9866143632
-26066.9866143632
-26067.4463418974
-26070.6119732077
-26079.1414889141
-26073.9486320682
-26076.1456849138
-26079.4291709866
-26091.8462812312
-26067.4463418974
-26067.4463418974
-26070.8475392790
-26073.5839889547
-26067.4463418974
-26067.4463418974
-26070.6119732077
-26088.5702058115
-26067.4463418974
-26067.4463418974
-26067.4463418974
-26067.4463418974
-26067.4463418974
-26067.4463418974
-26082.8179458483
-26067.4463418974
-26067.4463418974
-26078.7360238060
-26070.6119732077
-26068.7733452403
-26069.2949893044
-26069.2949893044
-26069.2949893044
-26069.2949893044
-26092.9729654104
-26069.2949893044
-26072.4606206148
-26069.2949893044
-26069.2949893044
-26080.9901363212
-26069.2949893044
-26069.2165440903
-26080.5062259989
-26069.2165440903
-26069.2165440903
-26069.2165440903
-26069.2165440903
-26075.7833727823
-26072.6177414719
-26069.2165440903
-26069.2165440903
-26069.2165440903
-26072.6177414719
-26069.2165440903
-26069.2949893044
-26069.2949893044
-26069.1852682538
-26069.1852682538
-26069.1852682538
-26069.1852682538
-26069.1852682538
-26077.4055691566
-26069.1852682538
-26080.8804152705
-26069.1852682538
-26072.3508995641
-26072.3508995641
-26069.1852682538
-26075.7520969458
-26069.1852682538
-26081.1680973430
-26080.4749501624
-26081.1680973430
-26081.1680973430
-26069.1852682538
-26069.1852682538
-26069.1852682538
-26069.1852682538
-26069.1852682538
-26069.1852682538
-26069.1852682538
-26080.4749501624
-26072.3508995641
-26069.1852682538
-26069.1852682538
-26069.1852682538
-26069.1852682538
-26081.1680973430
-26069.1852682538
-26081.1680973430
-26075.3229153111
-26069.1852682538
-26069.1852682538
-26069.1852682538
-26079.7819801456
-26079.7819801456
-26068.0868331288
-26071.2524644392
-26068.0868331288
-26068.0868331288
-26068.0868331288
-26068.0868331288
-26068.0868331288
-26071.2524644392
-26068.0868331288
-26071.2524644392
-26079.9795884609
-26068.0868331288
-26071.2524644392
-26079.3765150375
-26068.0868331288
-26068.0868331288
-26068.0868331288
-26068.0868331288
-26068.0868331288
-26071.4880305105
-26071.4880305105
-26068.0868331288
-26068.0868331288
-26068.0868331288
-26068.0868331288
-26071.2524644392
-26068.0868331288
-26068.0868331288
-26079.3765150375
-26068.0868331288
-26066.4045667670
-26066.4045667670
-26066.4045667670
-26078.0997137838
-26066.4045667670
-26066.4045667670
-26088.5548489546
-26069.8057641487
-26078.3873958562
-26066.4045667670
-26066.4045667670
-26066.4045667670
-26066.4045667670
-26066.4045667670
-26077.6942486757
-26066.4045667670
-26066.4045667670
-26066.4045667670
-26066.4045667670
-26066.4045667670
-26078.3873958562
-26066.4045667670
-26066.4045667670
-26066.4045667670
-26081.4884886454
-26066.4045667670
-26066.4045667670
-26066.4045667670
-26066.4045667670
-26089.4947562081
-26066.4045667670
-26066.4045667670
-26066.4045667670
-26078.3873958562
-26066.4045667670
-26066.4045667670
-26066.4045667670
-26069.5701980774
-26069.5701980774
-26066.4045667670
-26066.4045667670
-26083.3682569652
-26078.3873958562
-26091.7381684129
-26072.0491763535
-26070.4700902796
-26070.4700902796
-26070.4700902796
-26068.4316572290
-26068.4316572290
-26068.4316572290
-26068.4316572290
-26068.4316572290
-26071.8328546107
-26068.4316572290
-26068.4316572290
-26079.7213391377
-26068.4316572290
-26071.5972885394
-26068.4316572290
-26068.4316572290
-26077.8681449379
-26071.8328546107
-26068.4316572290
-26080.1268042458
-26071.5972885394
-26068.4316572290
-26068.4316572290
-26080.1268042458
-26068.4316572290
-26075.4724720939
-26068.4316572290
-26071.5972885394
-26068.4316572290
-26071.8328546107
-26068.3117743883
-26068.3117743883
-26068.3117743883
-26068.3117743883
-26068.3117743883
-26068.3117743883
-26071.7129717699
-26071.4774056986
-26068.3117743883
-26068.3117743883
-26068.0721386234
-26068.0721386234
-26088.1446447183
-26076.3441371858
-26084.5607986929
-26068.2643820424
-26068.2643820424
-26068.2643820424
-26068.2643820424
-26080.2472111316
-26068.2643820424
-26076.9389884026
-26068.2643820424
-26068.2643820424
-26068.2643820424
-26068.2643820424
-26068.2643820424
-26068.2643820424
-26086.4618192300
-26068.2643820424
-26068.2643820424
-26068.2643820424
-26068.2643820424
-26068.2643820424
-26091.0668894110
-26068.2643820424
-26068.2643820424
-26068.2643820424
-26071.6655794241
-26067.7927475131
-26067.7927475131
-26079.0824294218
-26067.7927475131
-26070.9583788234
-26067.7927475131
-26067.7927475131
-26077.9987483521
-26066.7090664435
-26076.1293105874
-26066.7090664435
-26077.6654868390
-26077.9987483521
-26066.7090664435
-26066.7090664435
-26066.7090664435
-26066.7090664435
-26066.7090664435
-26066.7090664435
-26066.7090664435
-26069.8746977538
-26066.7090664435
-26066.7090664435
-26066.7090664435
-26066.7090664435
-26070.1102638251
-26066.7090664435
-26066.7090664435
-26066.7090664435
-26066.7090664435
-26066.7090664435
-26078.6918955327
-26078.6918955327
-26087.9842534546
-26075.5427147428
-26072.3770834324
-26071.4244228648
-26068.2587915545
-26068.2587915545
-26068.2587915545
-26068.2587915545
-26073.9396352129
-26066.8325466402
-26066.8325466402
-26075.1620530969
-26078.8153757294
-26066.8325466402
-26066.8325466402
-26066.8325466402
-26069.9981779505
-26069.9981779505
-26089.9227360813
-26070.2337440218
-26066.8325466402
-26066.8325466402
-26082.4397166624
-26066.8325466402
-26089.0472673439
-26069.9981779505
-26070.2337440218
-26066.8325466402
-26076.7194134342
-26066.8325466402
-26066.8325466402
-26066.8325466402
-26066.8325466402
-26066.8325466402
-26066.8325466402
-26078.8153757294
-26066.8325466402
-26078.8153757294
-26073.6839599828
-26066.8325466402
-26066.8325466402
-26066.8325466402
-26072.8308596676
-26070.2337440218
-26066.8325466402
-26066.8325466402
-26066.8325466402
-26078.1222285488
-26066.8325466402
-26089.9227360813
-26066.8325466402
-26066.8325466402
-26078.8153757294
-26066.8325466402
-26066.8325466402
-26066.8325466402
-26066.8325466402
-26078.1222285488
-26066.8325466402
-26066.8325466402
-26066.8325466402
-26074.2091322337
-26068.3036854269
-26068.3036854269
-26068.3036854269
-26068.3036854269
-26074.8059755978
-26068.3036854269
-26068.3036854269
-26068.3036854269
-26068.3036854269
-26068.3036854269
-26068.3036854269
-26068.3036854269
-26079.9988324437
-26068.3036854269
-26068.3036854269
-26071.4693167372
-26067.9251372041
-26067.9251372041
-26067.9251372041
-26078.1769191069
-26067.9251372041
-26079.6202842209
-26067.9251372041
-26079.9079662934
-26067.9251372041
-26079.9079662934
-26071.3263345858
-26074.7949457874
-26076.9591877752
-26067.9251372041
-26067.9251372041
-26067.9251372041
-26067.9251372041
-26088.7616317214
-26067.9251372041
-26071.3263345858
-26067.9251372041
-26079.6202842209
-26067.9251372041
-26067.9251372041
-26067.9251372041
-26067.9251372041
-26067.9251372041
-26071.0907685145
-26067.9251372041
-26067.9251372041
-26079.9079662934
-26079.6202842209
-26071.0907685145
-26067.9251372041
-26067.9251372041
-26071.3263345858
-26079.2148191128
-26071.0907685145
-26079.6202842209
-26067.9251372041
-26067.9251372041
-26079.9079662934
-26071.0907685145
-26067.9251372041
-26077.4639816431
-26067.9251372041
-26067.1550391826
-26067.1550391826
-26067.1550391826
-26073.6573293535
-26074.0982562729
-26067.1550391826
-26078.8501861994
-26067.1550391826
-26089.3697598864
-26067.1550391826
-26086.4944241986
-26067.1550391826
-26068.0547499311
-26068.1121805157
-26075.7644126280
-26071.7767913573
-26101.5331029318
-26071.7767913573
-26083.4719383740
-26086.6908141989
-26083.0664732659
-26083.4719383740
-26071.7767913573
-26071.8883219544
-26071.8883219544
-26075.2895193360
-26071.4800327840
-26074.6456640943
-26071.4800327840
-26067.5359122899
-26067.5359122899
-26067.5359122899
-26067.5359122899
-26067.5359122899
-26067.5359122899
-26067.5359122899
-26067.5359122899
-26067.5359122899
-26070.7015436002
-26067.5359122899
-26070.7015436002
-26067.5359122899
-26079.2310593067
-26070.9371096716
-26084.2804263099
-26080.6039693758
-26068.9088223591
-26068.9088223591
-26072.0744536694
-26068.9088223591
-26072.0744536694
-26068.9088223591
-26068.9088223591
-26068.9088223591
-26068.9088223591
-26068.9088223591
-26068.9088223591
-26080.8916514483
-26068.9088223591
-26068.9088223591
-26068.9088223591
-26072.3100197407
-26080.1985042677
-26080.1985042677
-26068.9088223591
-26068.9088223591
-26080.1985042677
-26068.9088223591
-26068.8189748948
-26071.9846062052
-26068.8189748948
-26078.6522372181
-26068.8189748948
-26084.1905788457
-26080.5141219116
-26068.8189748948
-26068.8189748948
-26068.8189748948
-26068.8189748948
-26092.4969510008
-26068.8189748948
-26068.8189748948
-26068.8189748948
-26068.8189748948
-26068.8189748948
-26068.9088223591
-26072.3100197407
-26069.6828533945
-26069.4272051738
-26068.0533034841
-26079.3429853927
-26073.8634145893
-26068.0533034841
-26068.0533034841
-26068.0533034841
-26071.4545008657
-26068.0533034841
-26067.2990610310
-26067.2990610310
-26070.4646923414
-26079.2818901202
-26067.2990610310
-26067.2990610310
-26067.2990610310
-26079.2818901202
-26067.2990610310
-26067.2990610310
-26067.2990610310
-26067.2990610310
-26067.2990610310
-26067.2990610310
-26067.2990610310
-26067.2990610310
-26067.2990610310
-26067.2990610310
-26070.7002584127
-26067.0823732039
-26067.0823732039
-26067.0823732039
-26067.0823732039
-26067.0823732039
-26070.2480045143
-26067.0823732039
-26067.0823732039
-26073.0623053370
-26070.2480045143
-26070.2480045143
-26067.3327876511
-26067.3327876511
-26077.6310802030
-26067.3327876511
-26079.3156167404
-26067.3327876511
-26067.3327876511
-26067.3327876511
-26067.3327876511
-26067.3327876511
-26071.3109397789
-26067.9097423973
-26079.8925714865
-26067.9097423973
-26071.3109397789
-26067.9097423973
-26077.5776638785
-26067.9097423973
-26067.9097423973
-26071.0753737076
-26079.8925714865
-26067.9097423973
-26067.9097423973
-26071.0753737076
-26071.0753737076
-26079.8925714865
-26071.3109397789
-26067.9097423973
-26067.9097423973
-26067.9097423973
-26067.9097423973
-26067.9097423973
-26067.9097423973
-26067.9097423973
-26067.9097423973
-26079.6048894140
-26067.9097423973
-26067.9097423973
-26071.3109397789
-26069.2119530166
-26069.2119530166
-26069.2119530166
-26080.5016349252
-26080.9071000333
-26078.1991498372
-26069.2119530166
-26069.2119530166
-26069.2119530166
-26075.3496000738
-26069.2119530166
-26080.5016349252
-26072.6131503982
-26069.2119530166
-26069.2119530166
-26069.2119530166
-26084.2958748950
-26069.2119530166
-26069.2119530166
-26069.2119530166
-26084.9595748792
-26069.6665374389
-26069.6665374389
-26081.3616844557
-26069.6665374389
-26069.6665374389
-26069.6665374389
-26073.0677348206
-26081.3616844557
-26069.6665374389
-26069.6665374389
-26080.5876184197
-26092.3881259522
-26091.4072966991
-26068.6047893305
-26068.6047893305
-26072.0059867122
-26068.6047893305
-26080.5876184197
-26066.6339927569
-26066.6339927569
-26070.0351901386
-26082.0180192278
-26066.6339927569
-26066.6339927569
-26066.6339927569
-26078.6168218461
-26081.3124495272
-26066.6339927569
-26066.6339927569
-26078.3291397737
-26093.3361006110
-26066.6339927569
-26072.7716398142
-26066.6339927569
-26066.6339927569
-26066.6339927569
-26065.5508010173
-26076.8404829259
-26065.5508010173
-26065.5508010173
-26065.5508010173
-26065.4529742615
-26065.4529742615
-26065.9907677366
-26077.9735968258
-26065.9907677366
-26065.9907677366
-26065.9907677366
-26065.9907677366
-26069.1563990470
-26065.9907677366
-26065.9907677366
-26065.9907677366
-26066.3202160498
-26069.7214134315
-26066.3202160498
-26069.4858473602
-26066.3202160498
-26069.7214134315
-26066.3202160498
-26067.0581956757
-26067.0581956757
-26067.0581956757
-26067.0581956757
-26067.0581956757
-26078.3478775844
-26067.0581956757
-26067.0581956757
-26067.0581956757
-26067.0581956757
-26067.0581956757
-26075.9324819090
-26079.0410247649
-26067.0581956757
-26070.2238269861
-26067.0581956757
-26067.0581956757
-26067.0581956757
-26067.0581956757
-26079.0410247649
-26067.0581956757
-26070.4593930574
-26079.0410247649
-26067.0581956757
-26070.4593930574
-26067.0581956757
-26067.0581956757
-26067.0581956757
-26079.0410247649
-26067.0581956757
-26079.0410247649
-26067.0581956757
-26089.8607030444
-26070.2238269861
-26067.0581956757
-26067.0581956757
-26067.0581956757
-26067.0581956757
-26067.0581956757
-26067.0581956757
-26067.0581956757
-26067.0581956757
-26067.0581956757
-26067.0581956757
-26079.1970033908
-26067.0581956757
-26067.0581956757
-26067.0581956757
-26077.2446281028
-26067.0581956757
-26067.0581956757
-26067.0581956757
-26078.3478775844
-26067.0581956757
-26070.2238269861
-26067.0581956757
-26067.0581956757
-26067.0581956757
-26067.0581956757
-26067.0581956757
-26073.8434307212
-26067.0581956757
-26067.0581956757
-26067.0581956757
-26067.0581956757
-26067.0581956757
-26073.1958427330
-26078.3478775844
-26078.7533426925
-26067.0581956757
-26067.0581956757
-26082.1421175542
-26067.0581956757
-26067.0581956757
-26070.2238269861
-26067.0581956757
-26067.0581956757
-26067.0581956757
-26078.3478775844
-26067.0581956757
-26070.2238269861
-26067.0581956757
-26090.1483851168
-26067.0581956757
-26067.0581956757
-26078.7533426925
-26067.0581956757
-26070.2238269861
-26082.4297996266
-26067.0581956757
-26067.0581956757
-26067.0581956757
-26067.0581956757
-26078.3478775844
-26070.2238269861
-26070.2238269861
-26067.0581956757
-26067.0581956757
-26067.0581956757
-26070.2238269861
-26067.0581956757
-26078.7533426925
-26067.3758636604
-26070.7770610420
-26067.3758636604
-26080.7463719328
-26067.3758636604
-26067.3758636604
-26067.3758636604
-26067.3758636604
-26067.3758636604
-26067.3758636604
-26067.3758636604
-26070.5414949707
-26067.3758636604
-26070.5414949707
-26067.3758636604
-26067.3758636604
-26067.3758636604
-26078.6655455690
-26070.5414949707
-26070.7770610420
-26067.3758636604
-26079.0710106771
-26067.3758636604
-26067.3758636604
-26067.3758636604
-26067.3758636604
-26070.7770610420
-26067.1856466556
-26067.1856466556
-26067.1856466556
-26067.1856466556
-26070.5868440372
-26066.7256598851
-26069.1492448649
-26065.9836135546
-26065.9836135546
-26065.9836135546
-26077.9664426438
-26077.6787605714
-26077.9664426438
-26069.1492448649
-26069.1492448649
-26069.1492448649
-26069.1492448649
-26065.9836135546
-26072.0665987495
-26065.9836135546
-26065.9836135546
-26077.2732954633
-26070.6743471119
-26070.9099131832
-26067.5087158015
-26073.6463628588
-26067.5087158015
-26070.6743471119
-26067.5087158015
-26070.9099131832
-26073.1468160306
-26066.0626577214
-26069.2282890317
-26066.0626577214
-26066.0626577214
-26066.0626577214
-26069.2282890317
-26066.0626577214
-26066.0626577214
-26072.1717983958
-26066.0626577214
-26066.0626577214
-26077.3523396300
-26066.0626577214
-26066.0626577214
-26066.0626577214
-26089.1528471625
-26066.0626577214
-26066.0626577214
-26066.0626577214
-26069.6634646234
-26090.1758094190
-26069.6634646234
-26066.4978333130
-26066.4978333130
-26066.4978333130
-26073.0001234839
-26069.8990306947
-26066.4978333130
-26066.4978333130
-26066.4978333130
-26067.7314856291
-26067.7314856291
-26083.3386556512
-26067.7314856291
-26067.7314856291
-26067.7314856291
-26067.7314856291
-26067.7314856291
-26079.7143147183
-26079.0211675377
-26067.7314856291
-26067.7314856291
-26067.7314856291
-26067.7314856291
-26067.7314856291
-26074.5749505409
-26067.7314856291
-26067.7314856291
-26066.2161726210
-26077.1805484032
-26066.2161726210
-26077.5058545297
-26066.2161726210
-26066.2161726210
-26066.2161726210
-26075.0642527512
-26066.2161726210
-26066.2161726210
-26066.2161726210
-26066.2161726210
-26069.6173700027
-26066.2161726210
-26066.2161726210
-26069.6173700027
-26066.2161726210
-26066.2161726210
-26069.3818039314
-26066.2161726210
-26081.1301954627
-26066.2161726210
-26066.2161726210
-26069.3818039314
-26066.2161726210
-26066.2161726210
-26066.2161726210
-26066.2161726210
-26069.3818039314
-26069.3818039314
-26066.2161726210
-26066.2161726210
-26066.2161726210
-26077.5058545297
-26066.2161726210
-26072.9833995999
-26066.2161726210
-26066.2161726210
-26066.2161726210
-26073.1474587347
-26067.0098116774
-26067.0098116774
-26067.0098116774
-26067.0098116774
-26070.1754429878
-26067.0098116774
-26067.0098116774
-26067.0098116774
-26067.0098116774
-26067.0098116774
-26067.0098116774
-26067.0098116774
-26067.0098116774
-26078.2994935861
-26067.0098116774
-26067.0098116774
-26078.7049586942
-26076.5486561164
-26067.0098116774
-26067.0098116774
-26067.0098116774
-26078.6140435536
-26066.6312144644
-26066.6312144644
-26066.6312144644
-26081.3096712347
-26070.0324118461
-26066.6312144644
-26066.6312144644
-26066.6312144644
-26069.7968457747
-26066.6312144644
-26069.7968457747
-26078.6140435536
-26066.6312144644
-26077.9208963730
-26081.3096712347
-26066.6312144644
-26066.6312144644
-26069.7968457747
-26066.6312144644
-26077.9208963730
-26065.2204522474
-26065.2204522474
-26065.2204522474
-26076.5101341561
-26080.3043741259
-26065.2204522474
-26065.2204522474
-26071.7872809394
-26074.2462858066
-26065.2204522474
-26065.2204522474
-26068.3860835578
-26065.2204522474
-26072.4418418954
-26066.3041948382
-26078.2870239274
-26066.3041948382
-26066.3041948382
-26066.3041948382
-26073.0966856081
-26069.4698261485
-26066.3041948382
-26066.3041948382
-26066.3041948382
-26066.3041948382
-26066.3041948382
-26066.3041948382
-26066.3041948382
-26066.3041948382
-26066.3041948382
-26066.3041948382
-26069.4698261485
-26069.4698261485
-26066.3041948382
-26066.3041948382
-26066.3041948382
-26066.3041948382
-26077.9993418549
-26069.4698261485
-26066.3041948382
-26081.6757987890
-26069.4698261485
-26066.3041948382
-26069.4698261485
-26069.4698261485
-26078.2870239274
-26066.3041948382
-26066.3041948382
-26066.3041948382
-26066.3041948382
-26066.3041948382
-26069.4698261485
-26066.3041948382
-26069.4698261485
-26066.3041948382
-26066.3041948382
-26066.3041948382
-26066.3041948382
-26076.2653316053
-26066.3041948382
-26066.3041948382
-26069.4698261485
-26066.3041948382
-26066.3041948382
-26077.5938767468
-26077.5938767468
-26066.3041948382
-26066.3041948382
-26066.3041948382
-26089.1067022068
-26066.3041948382
-26066.3041948382
-26066.3041948382
-26077.5938767468
-26066.1392818081
-26066.1392818081
-26066.8432601727
-26066.8432601727
-26066.8432601727
-26070.0088914830
-26070.0088914830
-26078.1329420813
-26066.8432601727
-26070.0088914830
-26066.8432601727
-26070.0088914830
-26066.8432601727
-26066.8432601727
-26073.2823478330
-26085.2643291456
-26067.1447007757
-26080.5975187164
-26080.5975187164
-26078.4343826844
-26078.8398477925
-26067.1447007757
-26067.1447007757
-26070.3103320861
-26067.1447007757
-26067.1447007757
-26073.2823478330
-26082.7518707979
-26070.3103320861
-26067.1447007757
-26067.1447007757
-26067.1447007757
-26067.1447007757
-26067.1447007757
-26070.3103320861
-26070.5458981574
-26067.6807416893
-26067.6807416893
-26067.6807416893
-26067.6807416893
-26067.6807416893
-26067.6807416893
-26067.6807416893
-26070.8463729996
-26067.6807416893
-26067.6807416893
-26079.3758887061
-26067.6807416893
-26067.6807416893
-26067.6807416893
-26067.6807416893
-26079.3758887061
-26067.6807416893
-26074.2475703813
-26073.6423610382
-26067.6807416893
-26075.0407411786
-26069.6379388752
-26066.2367414935
-26066.2367414935
-26066.2367414935
-26066.2367414935
-26066.2367414935
-26066.0122425254
-26066.0122425254
-26066.0122425254
-26066.0122425254
-26066.0122425254
-26066.0122425254
-26066.0122425254
-26066.0122425254
-26066.0122425254
-26066.0122425254
-26066.0122425254
-26066.0122425254
-26066.0122425254
-26065.2639897166
-26065.2639897166
-26076.7235629267
-26076.7235629267
-26076.7235629267
-26076.7623180933
-26073.3735432316
-26073.3735432316
-26076.7623180933
-26073.3735432316
-26073.3735432316
-26085.1740507641
-26100.6520479668
-26076.9978841646
-26076.7623180933
-26076.9978841646
-26097.2746628889
-26065.6563993751
-26065.6563993751
-26081.5324840624
-26065.6563993751
-26065.6563993751
-26069.0575967568
-26074.8396508551
-26065.6563993751
-26074.6654566501
-26065.6563993751
-26065.6563993751
-26077.6392284643
-26065.6563993751
-26065.6770847460
-26077.6599138352
-26065.6770847460
-26065.6770847460
-26068.8427160564
-26065.6770847460
-26065.6770847460
-26076.9667666547
-26065.6770847460
-26072.6299080387
-26069.8934583630
-26066.4922609814
-26069.6578922917
-26066.4922609814
-26066.4922609814
-26066.4922609814
-26066.4922609814
-26066.4922609814
-26069.6578922917
-26066.4922609814
-26078.4750900706
-26066.4922609814
-26066.4922609814
-26072.9945511522
-26066.4922609814
-26069.8934583630
-26066.4922609814
-26066.4922609814
-26076.6008364046
-26066.4922609814
-26077.7819428900
-26066.4922609814
-26069.8934583630
-26077.7819428900
-26078.1874079981
-26069.6578922917
-26066.4922609814
-26078.1874079981
-26069.8934583630
-26066.4922609814
-26066.4922609814
-26066.4922609814
-26072.6299080387
-26066.4922609814
-26066.4922609814
-26066.4922609814
-26077.7819428900
-26070.8862531117
-26073.6227027874
-26067.4850557301
-26067.4850557301
-26067.4850557301
-26070.8862531117
-26067.4850557301
-26070.6506870404
-26067.4850557301
-26067.4850557301
-26074.0518844221
-26079.4678848193
-26067.4850557301
-26067.4850557301
-26067.4850557301
-26067.4850557301
-26067.4850557301
-26070.8862531117
-26079.8070365109
-26068.1118894942
-26068.1118894942
-26071.2775208045
-26068.1118894942
-26078.2174163630
-26068.1118894942
-26068.1118894942
-26068.1118894942
-26071.4540061389
-26072.1127198459
-26072.1127198459
-26075.2783511563
-26072.1127198459
-26075.2783511563
-26072.1127198459
-26072.1127198459
-26070.8533500004
-26093.6558573690
-26070.8533500004
-26070.8533500004
-26070.8533500004
-26076.9909970577
-26070.8533500004
-26070.8533500004
-26070.8533500004
-26070.8533500004
-26070.8533500004
-26067.8430422295
-26079.1327241381
-26067.8430422295
-26067.8430422295
-26067.8430422295
-26079.8258713187
-26079.5381892463
-26079.1327241381
-26067.8430422295
-26067.8430422295
-26067.8430422295
-26070.3628562731
-26082.0580032899
-26070.3628562731
-26076.5005033304
-26069.8289051918
-26081.5240522085
-26069.8289051918
-26069.8289051918
-26072.9945365021
-26069.8289051918
-26072.9945365021
-26069.8289051918
-26069.8289051918
-26069.8289051918
-26069.8289051918
-26069.8289051918
-26069.8289051918
-26069.8289051918
-26069.8289051918
-26075.7819658610
-26072.9945365021
-26072.9945365021
-26069.8289051918
-26073.2301025734
-26069.8289051918
-26069.8289051918
-26069.8289051918
-26069.8289051918
-26069.8289051918
-26083.3902358694
-26071.4074067802
-26071.4074067802
-26083.3902358694
-26082.6970886889
-26071.4074067802
-26071.4074067802
-26074.5730380906
-26074.8086041619
-26076.9841314523
-26071.4074067802
-26071.4074067802
-26074.5730380906
-26078.2516807978
-26071.4074067802
-26071.4074067802
-26071.4074067802
-26071.4074067802
-26071.4074067802
-26071.4074067802
-26071.4074067802
-26074.0841964132
-26068.1566002564
-26068.1566002564
-26079.8517472731
-26068.1566002564
-26068.1566002564
-26068.1566002564
-26071.3222315667
-26068.1566002564
-26080.1394293456
-26068.1566002564
-26071.3222315667
-26068.1566002564
-26068.1566002564
-26068.1566002564
-26068.1566002564
-26071.5577976380
-26068.1566002564
-26068.1566002564
-26068.1566002564
-26068.1566002564
-26068.1566002564
-26079.8517472731
-26079.4462821650
-26074.2942473136
-26068.1566002564
-26068.1566002564
-26068.1566002564
-26068.1566002564
-26068.1566002564
-26068.1566002564
-26068.1566002564
-26068.1566002564
-26071.3222315667
-26068.1566002564
-26068.1566002564
-26074.7234289484
-26068.1566002564
-26068.1566002564
-26068.1566002564
-26068.1566002564
-26068.1566002564
-26068.1566002564
-26079.8517472731
-26068.1566002564
-26068.1566002564
-26068.1566002564
-26068.1566002564
-26071.3222315667
-26068.1566002564
-26068.1566002564
-26079.4462821650
-26068.1566002564
-26068.1566002564
-26068.1566002564
-26080.1394293456
-26068.1566002564
-26068.1566002564
-26068.1566002564
-26068.1566002564
-26068.1566002564
-26068.1566002564
-26068.1566002564
-26068.1566002564
-26081.0050461241
-26079.0723094341
-26079.5926802334
-26068.1759767662
-26068.1759767662
-26068.1759767662
-26068.1759767662
-26080.1588058554
-26068.1759767662
-26080.1588058554
-26079.8711237829
-26071.3416080765
-26068.1759767662
-26068.1759767662
-26068.1759767662
-26080.1588058554
-26068.1759767662
-26071.0012957253
-26067.8356644149
-26079.1253463236
-26090.6381717835
-26067.8356644149
-26067.8356644149
-26067.8356644149
-26067.8356644149
-26067.8356644149
-26067.8356644149
-26071.4612071403
-26071.4612071403
-26071.4612071403
-26072.8407029735
-26080.9647535718
-26076.2419003551
-26072.8407029735
-26080.9647535718
-26081.6579007523
-26069.6750716631
-26080.9647535718
-26069.6750716631
-26069.6750716631
-26071.1998023156
-26071.5312688508
-26077.1939448548
-26068.3656375405
-26068.3656375405
-26068.3656375405
-26068.3656375405
-26073.1653582038
-26085.1481872930
-26073.1653582038
-26070.9447141521
-26070.9447141521
-26070.9447141521
-26070.9447141521
-26085.8587369938
-26085.6231709225
-26070.9447141521
-26070.9447141521
-26070.9447141521
-26070.9447141521
-26082.2343960608
-26082.6398611689
-26070.9447141521
-26070.9447141521
-26082.6398611689
-26086.0286360306
-26077.7384305568
-26070.4903270879
-26070.4903270879
-26082.1854741047
-26070.4903270879
-26070.4903270879
-26070.4903270879
-26081.7800089965
-26070.4903270879
-26070.4903270879
-26070.4605769054
-26070.4605769054
-26070.4605769054
-26070.4605769054
-26070.4605769054
-26070.4605769054
-26085.8321808562
-26070.4605769054
-26070.4605769054
-26094.1385530113
-26073.6262082157
-26086.0677469276
-26070.4605769054
-26083.5506335158
-26099.1314086684
-26081.9557227333
-26070.4605769054
-26070.4605769054
-26076.5982239627
-26070.4605769054
-26070.4605769054
-26073.8617742870
-26085.3745997470
-26081.7502588140
-26070.4605769054
-26073.8617742870
-26070.4605769054
-26073.6262082157
-26070.4605769054
-26070.4605769054
-26068.3551277325
-26068.3551277325
-26068.3551277325
-26073.9173639718
-26071.2313750819
-26068.0657437716
-26068.0657437716
-26068.0657437716
-26068.0657437716
-26068.0657437716
-26074.6325724636
-26083.6729137938
-26068.0657437716
-26068.0657437716
-26068.0657437716
-26068.0657437716
-26068.0657437716
-26068.0657437716
-26068.0657437716
-26071.2313750819
-26068.0657437716
-26068.0657437716
-26080.0485728608
-26068.0657437716
-26068.0657437716
-26080.0485728608
-26068.0657437716
-26068.0657437716
-26068.9912790461
-26072.1569103565
-26068.9912790461
-26068.9912790461
-26083.9053018878
-26068.9912790461
-26068.9912790461
-26068.9912790461
-26077.7904023729
-26068.9912790461
-26068.9912790461
-26075.1289261034
-26072.1569103565
-26068.9912790461
-26072.1569103565
-26068.9912790461
-26068.9912790461
-26072.1569103565
-26068.9912790461
-26068.9912790461
-26068.9912790461
-26068.9912790461
-26068.9912790461
-26068.9912790461
-26072.1569103565
-26068.9912790461
-26068.9912790461
-26068.9912790461
-26068.9912790461
-26068.9912790461
-26072.1569103565
-26068.9912790461
-26068.9912790461
-26068.9912790461
-26068.9912790461
-26068.9912790461
-26080.6864260629
-26092.7746156678
-26068.9912790461
-26068.9912790461
-26068.9912790461
-26080.9741081353
-26068.9912790461
-26091.7937864148
-26072.3924764278
-26068.9912790461
-26080.9741081353
-26068.9912790461
-26072.1569103565
-26068.9912790461
-26068.9912790461
-26072.3924764278
-26068.9912790461
-26068.9912790461
-26068.9912790461
-26077.6841633072
-26068.9912790461
-26072.1569103565
-26072.1569103565
-26068.9912790461
-26070.7165323481
-26070.7165323481
-26082.4116793648
-26070.7165323481
-26073.8821636584
-26070.7165323481
-26070.7165323481
-26072.5533846737
-26094.7681053774
-26073.9092985802
-26070.7436672698
-26070.7436672698
-26070.7436672698
-26070.7436672698
-26070.7436672698
-26070.7436672698
-26070.7436672698
-26074.1448646515
-26082.7264963590
-26070.7436672698
-26070.7436672698
-26072.0094520240
-26068.8438207137
-26068.8438207137
-26068.8438207137
-26072.0094520240
-26068.6470089551
-26068.6470089551
-26071.8126402655
-26075.2722216167
-26094.0381022290
-26071.8233815252
-26083.5185285420
-26071.8233815252
-26074.9890128356
-26071.8233815252
-26071.8233815252
-26074.9890128356
-26071.8233815252
-26071.8233815252
-26071.8233815252
-26082.8547237703
-26074.9890128356
-26075.2245789069
-26074.9890128356
-26071.8233815252
-26071.8233815252
-26072.3817678239
-26069.2161365135
-26077.3670506263
-26069.2161365135
-26078.9437731113
-26081.4931182772
-26069.3945342238
-26069.3945342238
-26072.5601655341
-26069.3945342238
-26069.3945342238
-26077.2629442397
-26072.5601655341
-26069.3945342238
-26069.3945342238
-26069.3945342238
-26069.3945342238
-26069.3945342238
-26081.3773633130
-26072.5601655341
-26069.3945342238
-26069.3945342238
-26069.4153604697
-26072.8165578514
-26069.4153604697
-26072.8165578514
-26072.5809917800
-26069.4153604697
-26072.8165578514
-26081.1105074865
-26069.4153604697
-26069.4153604697
-26072.5809917800
-26080.7050423784
-26080.7050423784
-26069.4153604697
-26069.4153604697
-26069.4153604697
-26069.4153604697
-26069.4153604697
-26069.4153604697
-26072.8165578514
-26069.4153604697
-26069.4153604697
-26069.4153604697
-26081.3981895589
-26072.5809917800
-26069.4153604697
-26072.8165578514
-26072.5809917800
-26069.4153604697
-26072.8165578514
-26069.4153604697
-26072.5809917800
-26069.4153604697
-26069.4153604697
-26069.4153604697
-26072.5809917800
-26069.4153604697
-26081.3981895589
-26072.5809917800
-26069.4153604697
-26069.4153604697
-26072.5809917800
-26069.4153604697
-26069.4153604697
-26069.4153604697
-26072.8152206280
-26072.8152206280
-26072.8152206280
-26072.8152206280
-26072.8152206280
-26075.9808519384
-26080.6907185683
-26068.7078894791
-26068.7078894791
-26068.7078894791
-26068.7078894791
-26068.7078894791
-26068.7078894791
-26068.7078894791
-26068.6082122699
-26072.0094096516
-26068.6082122699
-26080.3033592867
-26071.7738435803
-26068.6082122699
-26086.0957102566
-26068.6082122699
-26068.6082122699
-26068.6082122699
-26068.6082122699
-26068.6082122699
-26068.6082122699
-26079.8951550350
-26068.6082122699
-26080.3033592867
-26068.6082122699
-26080.3033592867
-26068.6082122699
-26080.5910413591
-26068.6082122699
-26068.6082122699
-26068.6082122699
-26068.6082122699
-26068.6082122699
-26068.6082122699
-26068.6082122699
-26080.3033592867
-26079.5514456306
-26068.6082122699
-26068.6082122699
-26080.5910413591
-26068.6082122699
-26068.6082122699
-26068.6082122699
-26071.7738435803
-26071.7738435803
-26068.6082122699
-26068.6082122699
-26068.6082122699
-26079.8978941786
-26068.6082122699
-26068.6082122699
-26080.3604462231
-26074.7458593272
-26068.6082122699
-26068.6082122699
-26068.6082122699
-26068.6082122699
-26087.5096890349
-26078.5631688304
-26071.9670575338
-26068.8014262235
-26068.8014262235
-26091.6039335921
-26068.8014262235
-26068.8014262235
-26068.8014262235
-26068.8014262235
-26080.4965732402
-26068.8014262235
-26068.8014262235
-26068.8014262235
-26068.8014262235
-26068.7996685170
-26080.4948155338
-26092.8080957495
-26068.7996685170
-26074.8917231658
-26068.7996685170
-26080.7824976063
-26071.9652998274
-26068.7996685170
-26068.7996685170
-26080.0893504257
-26068.4783052431
-26071.5241251568
-26071.5241251568
-26068.7100897870
-26068.7100897870
-26080.6929188762
-26068.7100897870
-26068.7100897870
-26068.7100897870
-26068.7100897870
-26068.7100897870
-26068.7100897870
-26068.7100897870
-26071.8757210974
-26084.0941162579
-26068.7100897870
-26068.7100897870
-26072.1112871687
-26080.6929188762
-26068.7100897870
-26068.7100897870
-26068.7100897870
-26068.7100897870
-26068.7100897870
-26068.7100897870
-26068.7100897870
-26068.7100897870
-26068.7100897870
-26068.7100897870
-26074.8251064400
-26068.2582777480
-26071.6594751297
-26068.2582777480
-26068.2582777480
-26068.2582777480
-26068.2582777480
-26068.2582777480
-26068.2582777480
-26071.6594751297
-26068.2582777480
-26068.2582777480
-26068.2582777480
-26075.1821264430
-26068.2582777480
-26068.2582777480
-26080.2411068372
-26068.2582777480
-26071.6594751297
-26079.5479596567
-26071.6594751297
-26080.6106156463
-26091.3484671891
-26079.5479596567
-26079.9534247648
-26068.2582777480
-26068.2582777480
-26068.2582777480
-26078.1134856644
-26068.2582777480
-26068.2582777480
-26068.2582777480
-26068.2582777480
-26068.2582777480
-26068.2582777480
-26068.2582777480
-26080.2411068372
-26080.2411068372
-26068.2582777480
-26068.2582777480
-26068.2582777480
-26068.2582777480
-26104.2134618083
-26083.1198862473
-26068.2582777480
-26068.2582777480
-26068.2582777480
-26079.9534247648
-26068.2582777480
-26079.5479596567
-26068.2582777480
-26080.2411068372
-26068.2582777480
-26091.3484671891
-26071.4239090584
-26068.2582777480
-26068.2582777480
-26091.0607851166
-26080.2411068372
-26068.2582777480
-26068.2582777480
-26068.2582777480
-26071.6594751297
-26074.7605679189
-26068.2582777480
-26068.2582777480
-26068.2582777480
-26071.4239090584
-26068.2582777480
-26068.3868032314
-26068.3868032314
-26068.3868032314
-26080.3696323206
-26068.3868032314
-26068.3868032314
-26068.3868032314
-26080.0819502481
-26068.3868032314
-26086.1819125371
-26068.3941809746
-26068.3941809746
-26068.3941809746
-26068.3941809746
-26091.8044734265
-26068.7142839854
-26068.7142839854
-26068.7142839854
-26068.7142839854
-26080.0039658941
-26068.7142839854
-26072.1154813671
-26068.7142839854
-26068.7142839854
-26068.7142839854
-26068.7142839854
-26067.6288950384
-26067.6288950384
-26067.6288950384
-26067.6288950384
-26067.6288950384
-26071.0300924200
-26067.6288950384
-26074.1957237304
-26070.7945263487
-26067.6288950384
-26067.6288950384
-26067.6288950384
-26067.6288950384
-26071.0300924200
-26067.6288950384
-26067.6288950384
-26067.6288950384
-26067.6288950384
-26067.6288950384
-26074.4846444959
-26067.6288950384
-26078.9185769470
-26067.6288950384
-26067.6288950384
-26067.6288950384
-26067.6844866401
-26067.6844866401
-26070.8501179504
-26067.6844866401
-26067.6844866401
-26067.6844866401
-26067.6844866401
-26067.6844866401
-26067.6844866401
-26067.6844866401
-26071.0451800937
-26067.6439827121
-26067.6439827121
-26073.7816297694
-26079.6268118013
-26067.6439827121
-26071.0451800937
-26067.6439827121
-26067.6439827121
-26067.6439827121
-26079.6268118013
-26070.8096140224
-26067.6439827121
-26083.0155866630
-26067.6439827121
-26078.9336646207
-26067.6439827121
-26067.6439827121
-26067.6439827121
-26067.6439827121
-26067.6439827121
-26067.6439827121
-26078.9336646207
-26067.6439827121
-26071.0451800937
-26067.6439827121
-26080.3470221828
-26067.6439827121
-26074.2108114041
-26067.6439827121
-26070.8096140224
-26079.6268118013
-26079.6268118013
-26067.6439827121
-26067.6439827121
-26067.6439827121
-26067.6439827121
-26070.8096140224
-26067.6439827121
-26067.6439827121
-26073.4764226881
-26067.6439827121
-26067.6439827121
-26067.6439827121
-26089.8587034158
-26067.6439827121
-26067.6439827121
-26067.6439827121
-26067.6439827121
-26067.6439827121
-26067.6439827121
-26067.6439827121
-26079.3391297288
-26088.2469617696
-26079.0285751878
-26081.0521285013
-26081.3398105737
-26069.3569814845
-26081.0521285013
-26081.3398105737
-26072.5226127949
-26081.3398105737
-26069.3569814845
-26081.3398105737
-26069.3569814845
-26069.3569814845
-26069.3569814845
-26072.5226127949
-26069.3569814845
-26072.7581788662
-26076.1648473461
-26069.3569814845
-26080.6466633932
-26069.3569814845
-26069.3569814845
-26069.3569814845
-26083.9014039030
-26070.4880380471
-26091.7500787458
-26070.4880380471
-26084.6988019131
-26081.7777199557
-26070.4880380471
-26067.9243086957
-26067.9243086957
-26079.2139906043
-26067.9243086957
-26067.9243086957
-26067.9243086957
-26067.9243086957
-26067.9243086957
-26067.9243086957
-26067.9243086957
-26067.9243086957
-26067.9243086957
-26079.9071377849
-26067.9243086957
-26071.0899400060
-26074.0619557530
-26067.9243086957
-26067.9243086957
-26067.9243086957
-26067.9243086957
-26071.3255060773
-26067.9243086957
-26067.9243086957
-26067.9243086957
-26082.6027654660
-26067.9243086957
-26067.9243086957
-26074.2905777255
-26074.2905777255
-26071.0083469790
-26071.0338060674
-26071.0338060674
-26071.0338060674
-26074.1994373778
-26071.0338060674
-26071.0338060674
-26071.0338060674
-26071.0338060674
-26071.0338060674
-26071.0338060674
-26071.0338060674
-26071.0338060674
-26071.0338060674
-26077.6006347594
-26083.0166351566
-26071.0338060674
-26071.0338060674
-26071.0338060674
-26071.0338060674
-26071.0338060674
-26074.1994373778
-26074.4350034491
-26083.0166351566
-26071.0338060674
-26071.0338060674
-26071.0338060674
-26071.0338060674
-26071.0338060674
-26074.4350034491
-26071.0338060674
-26071.0338060674
-26071.0338060674
-26082.3234879761
-26071.0338060674
-26071.0338060674
-26074.1994373778
-26071.0338060674
-26071.0338060674
-26071.0338060674
-26071.0338060674
-26071.0338060674
-26071.0338060674
-26082.3234879761
-26074.1994373778
-26083.0166351566
-26071.0338060674
-26074.1994373778
-26071.0338060674
-26080.0588675339
-26071.0338060674
-26074.1994373778
-26071.0338060674
-26071.0338060674
-26071.0338060674
-26094.1239955085
-26071.0338060674
-26104.9436737879
-26071.0338060674
-26071.0338060674
-26071.0338060674
-26071.0338060674
-26071.0338060674
-26071.0338060674
-26077.1714531247
-26071.0338060674
-26071.0338060674
-26071.0338060674
-26071.0338060674
-26071.0338060674
-26071.0338060674
-26071.0338060674
-26071.0338060674
-26071.0338060674
-26071.0338060674
-26071.0338060674
-26071.0338060674
-26083.0166351566
-26071.0338060674
-26074.4350034491
-26071.0338060674
-26077.1714531247
-26074.4350034491
-26071.0338060674
-26083.0166351566
-26094.1239955085
-26073.4606959295
-26076.8618933112
-26076.8618933112
-26076.8618933112
-26070.9475655358
-26070.9475655358
-26070.9475655358
-26070.9475655358
-26070.9475655358
-26098.5375646472
-26074.3487629175
-26074.1131968461
-26070.3479094703
-26067.1822781599
-26070.3479094703
-26070.5834755416
-26082.7894481821
-26067.1822781599
-26067.1822781599
-26067.1822781599
-26070.3479094703
-26067.1822781599
-26067.1822781599
-26070.3479094703
-26067.1822781599
-26067.1822781599
-26066.0438157754
-26066.0438157754
-26066.0438157754
-26066.0438157754
-26066.0438157754
-26071.5996011350
-26066.0438157754
-26066.0438157754
-26066.0438157754
-26066.0438157754
-26067.8823638560
-26067.8823638560
-26067.8823638560
-26071.0479951664
-26071.2835612377
-26067.8823638560
-26067.8823638560
-26071.0479951664
-26071.0479951664
-26067.8823638560
-26074.4491925480
-26067.8823638560
-26067.8823638560
-26067.8823638560
-26067.8823638560
-26071.2835612377
-26067.8823638560
-26071.2835612377
-26067.8823638560
-26079.1720457647
-26067.8823638560
-26067.8823638560
-26066.1594492100
-26066.1594492100
-26066.1594492100
-26066.1594492100
-26078.1422782992
-26066.1594492100
-26066.1594492100
-26078.1422782992
-26066.1594492100
-26072.2970962673
-26066.1594492100
-26072.6617393809
-26068.3173186823
-26080.0000431791
-26064.9161213006
-26064.9161213006
-26064.9161213006
-26064.9161213006
-26064.9161213006
-26080.5232913228
-26064.9161213006
-26064.9161213006
-26068.3173186823
-26064.9161213007
-26064.9161213007
-26064.7867984361
-26076.0764803448
-26064.7867984361
-26064.7867984361
-26064.7867984361
-26064.7867984361
-26068.1879958178
-26064.7867984361
-26064.7867984361
-26065.4201874781
-26065.4201874781
-26077.4030165674
-26065.4201874781
-26068.8213848598
-26065.4201874781
-26065.4201874781
-26077.4030165674
-26065.4201874781
-26065.4201874781
-26089.0981635841
-26065.4201874781
-26065.4201874781
-26065.4201874781
-26084.3107718463
-26065.4201874781
-26068.5858187885
-26065.4201874781
-26065.4201874781
-26065.4201874781
-26065.4201874781
-26065.4201874781
-26065.4201874781
-26076.7098693868
-26065.4201874781
-26065.4201874781
-26065.4201874781
-26080.7917914290
-26076.7098693868
-26065.4201874781
-26065.4201874781
-26065.4201874781
-26068.5858187885
-26068.8213848598
-26065.4201874781
-26065.4201874781
-26065.4201874781
-26065.4201874781
-26065.4201874781
-26065.4201874781
-26065.4201874781
-26065.4201874781
-26065.4201874781
-26065.4201874781
-26071.8485484024
-26065.2817197103
-26071.7840098812
-26065.2817197103
-26068.4473510207
-26065.2817197103
-26065.2817197103
-26065.2817197103
-26065.2817197103
-26065.2817197103
-26068.4473510207
-26065.2817197103
-26065.2817197103
-26065.2817197103
-26065.2817197103
-26065.2817197103
-26065.2817197103
-26065.2817197103
-26076.9859273056
-26090.1539463460
-26067.9392256423
-26067.9392256423
-26067.9392256423
-26079.9220547315
-26067.9392256423
-26067.9392256423
-26071.1048569526
-26067.9392256423
-26067.9392256423
-26067.9392256423
-26071.1048569526
-26086.4651668969
-26067.9392256423
-26067.9392256423
-26075.6491506957
-26067.9392256423
-26079.2289075509
-26075.5183023046
-26067.9392256423
-26067.9392256423
-26067.9392256423
-26071.1048569526
-26067.9392256423
-26067.9392256423
-26079.9220547315
-26067.9392256423
-26079.9220547315
-26079.2289075509
-26079.2289075509
-26071.1048569526
-26067.9392256423
-26074.8730278987
-26074.9743913542
-26087.4570384128
-26071.1048569526
-26067.9392256423
-26067.9392256423
-26076.5239758859
-26067.9392256423
-26067.9392256423
-26067.9392256423
-26074.3252166752
-26067.9392256423
-26066.7425535179
-26066.7425535179
-26066.7425535179
-26078.4377005346
-26064.9598607704
-26068.1254920807
-26064.9598607704
-26064.9598607704
-26068.1254920807
-26064.9598607704
-26068.1254920807
-26076.6550077871
-26065.7584618891
-26065.7584618891
-26065.7584618891
-26069.1596592708
-26065.7584618891
-26065.7584618891
-26071.8961089464
-26071.8961089464
-26065.7584618891
-26065.7584618891
-26065.7584618891
-26077.7412909783
-26065.7584618891
-26065.7584618891
-26065.7584618891
-26065.7584618891
-26065.7584618891
-26065.7584618891
-26065.7584618891
-26069.1596592708
-26065.7584618891
-26064.7867984362
-26076.0764803448
-26067.9524297465
-26064.7867984362
-26076.7696275254
-26064.7867984362
-26087.8769878772
-26068.1879958178
-26064.7867984362
-26064.7867984362
-26076.7696275254
-26064.7867984362
-26064.7867984362
-26064.7867984362
-26064.7867984362
-26064.7867984362
-26067.9524297465
-26064.7867984362
-26076.0764803448
-26064.7867984362
-26076.0764803448
-26064.7867984362
-26076.7696275254
-26068.1879958178
-26064.7867984362
-26067.9524297465
-26068.1879958178
-26067.9524297465
-26064.7867984362
-26064.7867984362
-26076.7696275254
-26076.7696275254
-26064.7867984362
-26064.7867984362
-26067.9524297465
-26075.0342979246
-26067.9524297465
-26064.7867984362
-26064.7867984362
-26064.7867984362
-26064.7867984362
-26064.7867984362
-26064.7867984362
-26064.7867984362
-26064.7867984362
-26064.7867984362
-26064.7867984362
-26064.7867984362
-26110.6149567247
-26068.1879958178
-26064.7867984362
-26064.7867984362
-26064.7867984362
-26064.7867984362
-26064.7867984362
-26064.7867984362
-26064.7867984362
-26064.7867984362
-26064.7867984362
-26064.7867984362
-26064.7867984362
-26064.7867984362
-26068.1879958178
-26064.7867984362
-26068.1879958178
-26064.7867984362
-26064.7867984362
-26064.7867984362
-26076.4819454529
-26075.6709957725
-26064.7867984362
-26070.7856544429
-26064.7867984362
-26064.7867984362
-26079.8707203146
-26064.7867984362
-26064.7867984362
-26064.7867984362
-26064.7867984362
-26064.7867984362
-26064.7867984362
-26064.7867984362
-26067.9524297465
-26064.7867984362
-26076.4819454529
-26067.9524297465
-26064.7867984362
-26064.7867984362
-26064.7867984362
-26076.7696275254
-26064.7867984362
-26064.7867984362
-26064.7867984362
-26064.7867984362
-26068.1879958178
-26064.7867984362
-26064.7867984362
-26064.7867984362
-26067.9524297465
-26064.7867984362
-26065.5706202136
-26065.5706202136
-26065.5706202136
-26068.7362515239
-26065.5706202136
-26068.7362515239
-26071.5881883080
-26065.5706202136
-26065.5706202136
-26068.9718175953
-26065.5706202136
-26065.5706202136
-26065.5706202136
-26068.9718175953
-26065.5706202136
-26074.5578170343
-26065.5706202136
-26065.5706202136
-26065.5706202136
-26077.2657672304
-26065.5706202136
-26065.5706202136
-26088.6608096547
-26068.7362515239
-26065.5706202136
-26076.8603021222
-26065.5706202136
-26072.8581511028
-26078.4494931075
-26078.4494931075
-26067.1598111989
-26067.1598111989
-26067.1598111989
-26067.1598111989
-26067.1598111989
-26070.5610085805
-26070.5610085805
-26082.5314151498
-26079.1426402881
-26067.1598111989
-26070.3254425092
-26067.1598111989
-26070.3254425092
-26070.3254425092
-26100.0341464794
-26067.1598111989
-26067.1598111989
-26067.1598111989
-26076.9768667271
-26065.2817197104
-26065.2817197104
-26065.2817197104
-26065.2817197104
-26077.2645487996
-26065.2817197104
-26080.6533236612
-26065.2817197104
-26080.3656415888
-26065.2817197104
-26065.2817197104
-26065.2817197104
-26065.2817197104
-26065.2817197104
-26065.2817197104
-26065.2817197104
-26077.2645487996
-26065.2817197104
-26065.2817197104
-26077.2645487996
-26077.2831762842
-26065.2817197104
-26068.6829170920
-26065.2817197104
-26076.9768667271
-26065.2817197104
-26076.9768667271
-26065.2817197104
-26065.2817197104
-26065.2817197104
-26065.2817197104
-26065.2817197104
-26065.9874637494
-26065.9874637494
-26065.9874637494
-26065.9874637494
-26078.0322354265
-26066.7425535179
-26070.1437508995
-26069.9081848282
-26066.7425535179
-26066.7425535179
-26066.7425535179
-26066.7425535179
-26066.7425535179
-26066.7425535179
-26066.7425535179
-26066.7425535179
-26072.8802005751
-26081.8264753963
-26066.7425535179
-26066.7425535179
-26066.7425535179
-26077.0355333989
-26077.3232154713
-26065.3403863821
-26065.3403863821
-26065.3403863821
-26068.7415837638
-26065.3403863821
-26068.7415837638
-26068.5060176925
-26065.3403863821
-26065.3403863821
-26080.7119903330
-26065.3403863821
-26065.3403863821
-26071.8426765530
-26065.3403863821
-26065.3403863821
-26088.4305758232
-26065.3403863821
-26077.3232154713
-26065.3403863821
-26077.3232154713
-26068.5060176925
-26065.3403863821
-26065.3403863821
-26065.3403863821
-26065.3403863821
-26065.3403863821
-26065.3403863821
-26065.3403863821
-26065.3403863821
-26065.3403863821
-26071.3394109079
-26065.3403863821
-26065.3403863821
-26065.3403863821
-26065.3403863821
-26065.3403863821
-26065.3403863821
-26068.5060176925
-26065.3403863821
-26077.0355333989
-26076.0912304200
-26068.2027458930
-26076.4966955281
-26064.8015485113
-26064.8015485113
-26064.8015485113
-26064.8015485113
-26067.9671798217
-26064.8015485113
-26076.4966955281
-26064.8015485113
-26064.8015485113
-26064.8015485113
-26064.8015485113
-26064.8015485113
-26099.4045634124
-26064.8015485113
-26064.8015485113
-26064.8015485113
-26064.8015485113
-26064.8015485113
-26076.0912304200
-26064.8015485113
-26076.0912304200
-26064.8015485113
-26064.8015485113
-26082.2894551402
-26082.0017730677
-26070.3066260510
-26073.7078234326
-26070.3066260510
-26068.0463272293
-26068.0463272293
-26068.0463272293
-26068.0463272293
-26068.0463272293
-26069.8855124007
-26069.8855124007
-26081.1751943094
-26069.8855124007
-26069.8855124007
-26068.9049494449
-26068.9049494449
-26068.9049494449
-26068.9049494449
-26074.4295344491
-26074.4295344491
-26080.0969734364
-26068.1141443472
-26068.1141443472
-26068.1141443472
-26068.1141443472
-26078.2202340405
-26068.1141443472
-26068.1141443472
-26068.1141443472
-26079.8092913640
-26068.1141443472
-26068.1141443472
-26085.7981696785
-26069.2106012111
-26077.1703121533
-26066.0449699007
-26066.0449699007
-26065.2356415260
-26065.2356415260
-26065.2356415260
-26065.2356415260
-26065.2356415260
-26065.2356415260
-26068.6368389076
-26065.2356415260
-26065.2356415260
-26076.9307885427
-26065.2356415260
-26076.9307885427
-26068.6368389076
-26068.4012728363
-26065.2356415260
-26065.2356415260
-26077.6219173761
-26068.6368389076
-26065.2356415260
-26088.9136176320
-26065.2356415260
-26065.2356415260
-26065.2356415260
-26065.2356415260
-26065.2356415260
-26065.2356415260
-26065.2356415260
-26076.5253234346
-26068.4012728363
-26065.2356415260
-26068.6368389076
-26065.2356415260
-26065.2356415260
-26068.4012728363
-26068.4012728363
-26077.2184706152
-26065.2356415260
-26077.2184706152
-26065.2356415260
-26065.2356415260
-26065.2356415260
-26065.2356415260
-26076.9307885427
-26088.5489745184
-26068.4012728363
-26065.2356415260
-26072.0444281243
-26068.6432307427
-26065.4775994323
-26065.4775994323
-26068.8787968140
-26077.5232198338
-26065.4775994323
-26065.4775994323
-26077.4604285216
-26087.6014226690
-26065.4775994323
-26065.4775994323
-26077.7079902953
-26070.1813688791
-26070.1813688791
-26070.1813688791
-26068.5612693084
-26068.5612693084
-26068.5612693084
-26068.5612693084
-26071.7269006188
-26068.9393210896
-26072.1049523999
-26068.9393210896
-26072.3405184712
-26068.9393210896
-26068.9393210896
-26068.9393210896
-26068.9393210896
-26068.9393210896
-26068.9393210896
-26072.1049523999
-26080.9221501788
-26075.0769681468
-26068.9393210896
-26068.9393210896
-26072.3405184712
-26068.9393210896
-26080.2290029982
-26068.9393210896
-26080.6344681063
-26068.9393210896
-26068.9393210896
-26080.9221501788
-26080.9221501788
-26068.9393210896
-26068.9393210896
-26080.2290029982
-26068.9393210896
-26072.1049523999
-26068.9393210896
-26068.9393210896
-26068.9393210896
-26072.1049523999
-26068.9393210896
-26072.3405184712
-26068.9393210896
-26080.7323859707
-26068.9393210896
-26080.2290029982
-26068.9393210896
-26068.9393210896
-26084.0232429680
-26068.9393210896
-26068.9393210896
-26068.9393210896
-26068.9393210896
-26080.8302687654
-26069.1351217486
-26083.0333376353
-26068.6182513609
-26068.6182513609
-26068.6182513609
-26080.6010804502
-26079.9079332696
-26079.9079332696
-26072.0194487426
-26072.0649874589
-26068.6637900772
-26068.6637900772
-26068.6637900772
-26068.6637900772
-26068.6637900772
-26068.6637900772
-26080.3589370940
-26068.6637900772
-26068.6637900772
-26068.6637900772
-26075.5933575205
-26080.3589370940
-26068.6637900772
-26068.6637900772
-26079.9534719859
-26080.6466191665
-26068.6637900772
-26068.6637900772
-26068.6637900772
-26068.6637900772
-26068.6637900772
-26068.6637900772
-26068.6637900772
-26071.8294213876
-26068.6637900772
-26080.7915506518
-26068.6637900772
-26068.6637900772
-26068.6637900772
-26068.6637900772
-26068.6637900772
-26071.8294213876
-26068.6637900772
-26068.6637900772
-26068.6637900772
-26068.6637900772
-26068.6637900772
-26068.6637900772
-26068.6637900772
-26068.6637900772
-26068.6637900772
-26068.6637900772
-26080.6466191665
-26102.2859757253
-26068.6637900772
-26071.8294213876
-26068.6637900772
-26072.0649874589
-26068.6637900772
-26068.6637900772
-26068.6637900772
-26083.7477119557
-26080.3589370940
-26068.6637900772
-26083.3422468476
-26068.6637900772
-26068.6637900772
-26068.6637900772
-26078.7589888308
-26068.6637900772
-26071.8294213876
-26068.6637900772
-26068.6637900772
-26068.6637900772
-26071.8294213876
-26080.3589370940
-26068.6637900772
-26068.6637900772
-26068.6637900772
-26072.0649874589
-26068.6637900772
-26068.6637900772
-26071.8294213876
-26068.6637900772
-26068.6637900772
-26083.3244302864
-26068.6637900772
-26068.6637900772
-26068.6637900772
-26080.6466191665
-26068.6637900772
-26068.6637900772
-26068.6637900772
-26068.6637900772
-26068.6637900772
-26068.6637900772
-26072.0649874589
-26080.6466191665
-26068.6637900772
-26068.6637900772
-26071.4020165913
-26085.4940876962
-26067.2558285140
-26070.4214598244
-26067.2558285140
-26067.2558285140
-26067.2558285140
-26067.2558285140
-26067.2558285140
-26079.2386576033
-26070.4214598244
-26067.2558285140
-26067.2558285140
-26067.2558285140
-26067.2558285140
-26067.2558285140
-26067.2558285140
-26067.2558285140
-26079.2386576033
-26067.2558285140
-26067.2558285140
-26068.9139119067
-26080.6090589234
-26080.6090589234
-26068.9139119067
-26068.9139119067
-26072.0795432170
-26068.9139119067
-26078.9984948446
-26071.0009925520
-26074.4021899337
-26071.0009925520
-26071.0009925520
-26071.0009925520
-26074.1666238624
-26071.0009925520
-26071.0009925520
-26071.0009925520
-26071.0009925520
-26082.9838216412
-26097.5535349577
-26069.5068439888
-26069.5068439888
-26069.5068439888
-26069.5068439888
-26081.2019910056
-26069.5068439888
-26069.5068439888
-26069.5068439888
-26069.5068439888
-26069.5068439888
-26080.7965258975
-26072.9080413705
-26072.6724752991
-26069.5068439888
-26096.3278707698
-26069.5068439888
-26069.5068439888
-26069.5068439888
-26069.5068439888
-26072.6724752991
-26081.2019910056
-26069.5068439888
-26069.5068439888
-26069.5068439888
-26069.5068439888
-26072.6724752991
-26080.7965258975
-26069.5068439888
-26072.6724752991
-26066.5473001015
-26078.2424471183
-26066.5473001015
-26066.5473001015
-26066.5473001015
-26075.9807840248
-26066.5473001015
-26066.5473001015
-26066.5473001015
-26066.5473001015
-26069.7129314118
-26078.2424471183
-26066.5473001015
-26069.7129314118
-26076.6861172470
-26066.5473001015
-26066.5473001015
-26089.6374895426
-26066.5473001015
-26066.5473001015
-26066.5473001015
-26069.7129314118
-26066.5473001015
-26066.5473001015
-26066.5473001015
-26066.5473001015
-26088.7620208052
-26066.5473001015
-26066.5473001015
-26066.5473001015
-26069.9484974832
-26077.8369820102
-26066.5473001015
-26069.7129314118
-26076.1550624234
-26066.5473001015
-26066.5473001015
-26069.9484974832
-26066.5473001015
-26066.5473001015
-26066.5473001015
-26069.9484974832
-26066.5473001015
-26069.9484974832
-26066.5473001015
-26066.5473001015
-26066.5473001015
-26066.5473001015
-26066.5473001015
-26066.5473001015
-26069.9484974832
-26069.7129314118
-26066.5473001015
-26066.5473001015
-26066.5473001015
-26066.5473001015
-26066.5473001015
-26066.5473001015
-26078.5301291907
-26066.5473001015
-26066.5473001015
-26078.2424471183
-26077.8369820102
-26077.8369820102
-26066.5473001015
-26078.2424471183
-26066.5473001015
-26066.5473001015
-26066.5473001015
-26066.5473001015
-26078.2424471183
-26066.5473001015
-26066.5473001015
-26069.7129314118
-26078.2424471183
-26066.5473001015
-26066.5473001015
-26078.5301291907
-26066.5473001015
-26066.5473001015
-26066.5473001015
-26066.5473001015
-26066.5473001015
-26066.5473001015
-26066.5473001015
-26066.5473001015
-26066.5473001015
-26069.7129314118
-26066.5473001015
-26066.5473001015
-26078.5301291907
-26066.5473001015
-26078.2015798866
-26066.5473001015
-26066.5473001015
-26066.5473001015
-26066.5473001015
-26066.5473001015
-26066.5473001015
-26066.5473001015
-26066.5473001015
-26066.5473001015
-26066.5473001015
-26066.5473001015
-26078.5301291907
-26066.5473001015
-26065.7494749578
-26076.1678320108
-26065.7494749578
-26077.7429636657
-26066.4532817571
-26066.4532817571
-26066.4532817571
-26066.4532817571
-26066.4532817571
-26066.4532817571
-26066.4532817571
-26078.4361108463
-26066.4532817571
-26069.6189130674
-26066.4532817571
-26066.4532817571
-26077.7429636657
-26066.4532817571
-26066.4532817571
-26078.1484287738
-26066.4532817571
-26066.4532817571
-26066.4532817571
-26066.4532817571
-26078.3548600520
-26066.4532817571
-26077.7429636657
-26066.4532817571
-26066.4532817571
-26066.4532817571
-26090.1312578630
-26066.4532817571
-26066.4532817571
-26066.4532817571
-26066.4532817571
-26066.4532817571
-26066.4532817571
-26066.4532817571
-26066.4532817571
-26081.8248857079
-26069.8544791387
-26066.4532817571
-26069.8544791387
-26066.4532817571
-26066.4532817571
-26066.4532817571
-26066.4532817571
-26066.4532817571
-26066.4532817571
-26066.9142467070
-26066.9142467070
-26066.9142467070
-26067.2420963538
-26078.5317782625
-26067.2420963538
-26070.6432937355
-26067.2420963538
-26067.2420963538
-26070.6432937355
-26067.2420963538
-26067.2420963538
-26067.2420963538
-26067.2420963538
-26067.2420963538
-26067.2420963538
-26067.2420963538
-26067.2420963538
-26073.7443865247
-26067.2420963538
-26067.2420963538
-26070.4077276642
-26067.2420963538
-26067.2420963538
-26067.2420963538
-26079.0532165229
-26067.3580695061
-26067.3580695061
-26067.3580695061
-26067.3580695061
-26067.3580695061
-26070.5237008165
-26067.3580695061
-26070.5237008165
-26070.5237008165
-26078.6477514148
-26077.1126573184
-26067.3580695061
-26070.5237008165
-26079.3408985954
-26067.3580695061
-26067.3580695061
-26078.6477514148
-26067.3580695061
-26079.3408985954
-26070.5237008165
-26067.3580695061
-26067.3580695061
-26067.3580695061
-26070.5237008165
-26075.5701866124
-26079.3408985954
-26067.3580695061
-26078.6477514148
-26067.3580695061
-26067.3580695061
-26067.3580695061
-26067.3580695061
-26070.5237008165
-26067.3580695061
-26079.3408985954
-26067.3580695061
-26067.3580695061
-26076.3452663268
-26067.3580695061
-26067.3580695061
-26067.3580695061
-26082.4419913846
-26079.3408985954
-26067.3580695061
-26070.7592668878
-26067.3580695061
-26067.3580695061
-26067.3580695061
-26067.3580695061
-26067.3580695061
-26078.6477514148
-26070.5237008165
-26090.6714024985
-26070.5237008165
-26067.3580695061
-26067.3580695061
-26067.3580695061
-26073.9248981981
-26067.3580695061
-26067.3580695061
-26070.5237008165
-26067.3580695061
-26067.3580695061
-26067.3580695061
-26088.6915291500
-26070.7592668878
-26067.3580695061
-26067.3580695061
-26073.2092477287
-26070.0436164183
-26070.1552108573
-26082.1380399465
-26070.1552108573
-26070.1552108573
-26073.3208421676
-26070.1552108573
-26070.1552108573
-26082.1380399465
-26081.8503578740
-26068.9757203597
-26068.9757203597
-26068.9757203597
-26068.9757203597
-26080.6708673764
-26072.3769177413
-26068.9757203597
-26068.9757203597
-26080.2654022683
-26068.9757203597
-26086.5167566261
-26080.6708673764
-26068.9757203597
-26068.8519258301
-26078.3146548869
-26075.5782052113
-26072.1770078297
-26075.3426391400
-26072.1770078297
-26075.5782052113
-26079.0448521136
-26072.1770078297
-26072.1770078297
-26072.1770078297
-26078.7438365217
-26072.1999790881
-26072.1999790881
-26090.9082418995
-26072.1999790881
-26072.1999790881
-26072.1999790881
-26067.8986667422
-26067.8986667422
-26067.8986667422
-26067.8986667422
-26079.8814958314
-26067.8986667422
-26067.8986667422
-26067.8986667422
-26067.8986667422
-26079.8814958314
-26071.0642980525
-26071.0642980525
-26067.8986667422
-26074.0363137995
-26067.8986667422
-26079.8814958314
-26067.8986667422
-26071.0642980525
-26067.8986667422
-26079.8814958314
-26067.8986667422
-26077.1040874470
-26067.8986667422
-26067.8986667422
-26067.8986667422
-26067.8986667422
-26083.2702706931
-26082.8126895838
-26067.8986667422
-26079.8814958314
-26067.8986667422
-26067.8986667422
-26071.0642980525
-26067.8986667422
-26067.8986667422
-26067.8986667422
-26067.8986667422
-26067.8986667422
-26079.1883486508
-26071.2998641239
-26067.8986667422
-26067.8986667422
-26067.8986667422
-26067.8986667422
-26067.8986667422
-26074.4009569131
-26067.8986667422
-26079.1883486508
-26071.0642980525
-26067.8986667422
-26067.2818141482
-26067.2818141482
-26067.2818141482
-26067.2818141482
-26070.4474454585
-26070.6830115298
-26067.2818141482
-26067.2818141482
-26093.9963445222
-26073.8486428402
-26067.2818141482
-26067.2818141482
-26067.2818141482
-26067.2818141482
-26067.2818141482
-26079.2031951688
-26067.2203660795
-26067.2203660795
-26067.2203660795
-26067.2203660795
-26067.2203660795
-26067.2203660795
-26090.3105555206
-26067.2203660795
-26070.3859973899
-26067.2203660795
-26067.2203660795
-26067.2203660795
-26067.2203660795
-26082.3042879580
-26067.2203660795
-26067.2203660795
-26067.2203660795
-26067.2203660795
-26077.9614880408
-26066.2663410240
-26066.2663410240
-26066.2663410240
-26066.2663410240
-26081.1803638656
-26066.2663410240
-26066.2663410240
-26077.5560229326
-26075.9342625052
-26078.2491701132
-26066.2663410240
-26066.2663410240
-26070.6495263300
-26091.2341790234
-26083.0910650419
-26079.1790420364
-26067.4838950197
-26067.4838950197
-26067.4838950197
-26082.1623517900
-26067.4838950197
-26067.4838950197
-26067.4838950197
-26067.4838950197
-26067.4838950197
-26067.4838950197
-26067.4838950197
-26067.4838950197
-26070.8169402711
-26082.7997693603
-26070.8169402711
-26070.8169402711
-26082.7997693603
-26070.8169402711
-26070.8169402711
-26070.8169402711
-26070.8169402711
-26066.2663410240
-26066.2663410240
-26066.2663410240
-26066.2663410240
-26066.2663410240
-26069.6675384057
-26066.2663410240
-26077.5560229326
-26066.2663410240
-26069.4319723343
-26066.2663410240
-26066.2663410240
-26066.2663410240
-26069.6675384057
-26066.2663410240
-26066.2663410240
-26066.2663410240
-26066.2663410240
-26066.2663410240
-26066.2663410240
-26077.9614880408
-26065.3221327216
-26077.3049618108
-26065.3221327216
-26065.3221327216
-26065.3221327216
-26077.3049618108
-26065.3221327216
-26065.3221327216
-26065.3221327216
-26065.3221327216
-26065.3221327216
-26065.3221327216
-26080.9293027438
-26065.3221327216
-26065.3221327216
-26077.3049618108
-26076.6118146303
-26065.3221327216
-26076.6118146303
-26065.3221327216
-26068.7233301033
-26065.3221327216
-26089.0001088276
-26065.3221327216
-26068.4877640320
-26065.3221327216
-26065.3221327216
-26065.3221327216
-26065.3221327216
-26070.9673553683
-26065.4314977507
-26065.4314977507
-26068.8326951323
-26065.4314977507
-26065.4314977507
-26068.5971290610
-26065.4314977507
-26077.4143268399
-26068.5971290610
-26065.4314977507
-26065.4314977507
-26065.4314977507
-26068.5971290610
-26065.4314977507
-26065.4314977507
-26065.4314977507
-26071.1052785168
-26077.1266447674
-26065.4314977507
-26065.4314977507
-26068.5971290610
-26092.1336056047
-26065.4314977507
-26068.5971290610
-26065.4314977507
-26065.4314977507
-26065.4314977507
-26065.4314977507
-26077.1266447674
-26065.4314977507
-26065.4314977507
-26077.4143268399
-26065.4314977507
-26065.4314977507
-26065.4314977507
-26065.4314977507
-26065.4314977507
-26065.4314977507
-26065.4314977507
-26065.4314977507
-26065.4314977507
-26065.4314977507
-26065.4314977507
-26088.5216871918
-26065.4314977507
-26065.4314977507
-26065.4314977507
-26065.4314977507
-26065.4314977507
-26065.4314977507
-26065.4314977507
-26076.7211796593
-26065.4314977507
-26065.4314977507
-26077.4143268399
-26065.4314977507
-26065.4314977507
-26068.5971290610
-26065.4314977507
-26065.4314977507
-26065.4314977507
-26065.4314977507
-26065.4314977507
-26065.4314977507
-26068.5971290610
-26065.4314977507
-26065.4314977507
-26077.4143268399
-26065.4314977507
-26065.4314977507
-26065.4314977507
-26068.8326951324
-26065.4314977507
-26068.5971290610
-26068.5971290610
-26083.0223246539
-26065.4314977507
-26065.4314977507
-26079.4167930725
-26065.4314977507
-26065.4314977507
-26076.7211796593
-26065.4314977507
-26065.4314977507
-26065.4314977507
-26077.1266447674
-26065.4314977507
-26065.4314977507
-26077.4143268399
-26068.8326951324
-26065.4314977507
-26071.5691448080
-26065.4314977507
-26071.9337879216
-26077.4143268399
-26080.3455205923
-26065.4314977507
-26065.4314977507
-26065.4314977507
-26068.5971290610
-26065.4314977507
-26065.4314977507
-26065.4314977507
-26065.4314977507
-26080.1099545210
-26066.2416820067
-26066.2416820067
-26069.6428793884
-26066.2416820067
-26069.4073133171
-26066.2416820067
-26066.2416820067
-26069.4073133171
-26066.2416820067
-26066.2416820067
-26069.4073133171
-26066.2416820067
-26081.3256038852
-26077.9368290235
-26069.4073133171
-26066.2416820067
-26066.2416820067
-26078.2245110960
-26066.2416820067
-26077.5313639154
-26066.2416820067
-26066.2416820067
-26069.4073133171
-26066.2416820067
-26066.2416820067
-26078.2245110960
-26077.9368290235
-26066.2416820067
-26066.2416820067
-26077.9368290235
-26069.6428793884
-26066.2416820067
-26069.4073133171
-26066.2416820067
-26066.2416820067
-26066.2416820067
-26077.9368290235
-26078.2245110960
-26066.2416820067
-26066.2416820067
-26069.4073133171
-26066.2416820067
-26066.2416820067
-26066.2416820067
-26066.2416820067
-26069.4073133171
-26066.2416820067
-26066.2416820067
-26069.6428793884
-26066.2416820067
-26077.5313639154
-26066.2416820067
-26066.2416820067
-26081.3256038852
-26077.9368290235
-26066.2416820067
-26066.2416820067
-26066.2416820067
-26066.2416820067
-26066.2416820067
-26066.2416820067
-26066.2416820067
-26066.2416820067
-26066.2416820067
-26066.2416820067
-26069.6428793884
-26066.2416820067
-26066.2416820067
-26066.2416820067
-26066.2416820067
-26066.2416820067
-26066.2416820067
-26066.2416820067
-26066.2416820067
-26066.2416820067
-26078.2245110960
-26066.2416820067
-26066.2416820067
-26077.9368290235
-26071.9332731268
-26066.2416820067
-26066.2416820067
-26065.9003534762
-26065.9003534762
-26077.1900353848
-26065.9003534762
-26065.9003534762
-26077.8831825654
-26077.8831825654
-26065.9003534762
-26065.9003534762
-26065.9003534762
-26065.9003534762
-26074.5306135732
-26065.9003534762
-26065.9003534762
-26065.9003534762
-26069.0659847865
-26065.9003534762
-26077.1900353848
-26065.9003534762
-26077.1900353848
-26077.5955004929
-26069.3015508578
-26065.9003534762
-26069.0659847865
-26072.4026436471
-26077.5955004929
-26065.9003534762
-26069.3015508578
-26065.9003534762
-26081.2843799471
-26065.9003534762
-26065.9003534762
-26065.9003534762
-26065.9003534762
-26072.0380005335
-26065.9003534762
-26072.4026436471
-26077.2874575826
-26065.9003534762
-26065.9003534762
-26074.9796912678
-26089.2136864686
-26065.9003534762
-26069.0659847865
-26077.8831825654
-26065.9003534762
-26065.9003534762
-26065.9003534762
-26065.9003534762
-26065.9003534762
-26065.9003534762
-26077.1900353848
-26065.9003534762
-26065.9003534762
-26065.9003534762
-26065.9003534762
-26089.2136864686
-26065.9003534762
-26065.9003534762
-26065.9003534762
-26065.9003534762
-26065.9003534762
-26065.9003534762
-26065.9003534762
-26065.9003534762
-26065.9003534762
-26065.9003534762
-26069.3015508578
-26071.8055240629
-26065.9003534762
-26065.9003534762
-26077.8831825654
-26065.9003534762
-26065.9003534762
-26077.1900353848
-26080.2611507916
-26065.9003534762
-26069.0659847865
-26069.3015508578
-26069.0659847865
-26065.9003534762
-26065.9003534762
-26069.0659847865
-26065.9003534762
-26072.4671821682
-26065.9003534762
-26077.5955004929
-26065.9003534762
-26065.9003534762
-26069.0659847865
-26065.9003534762
-26065.9003534762
-26065.9003534762
-26071.8055240629
-26065.9003534762
-26078.0169553332
-26077.3238081527
-26069.1997575544
-26077.7292732608
-26069.4353236257
-26066.0341262440
-26077.7292732608
-26066.0341262440
-26066.0341262440
-26066.0341262440
-26078.0169553332
-26066.0341262440
-26066.0341262440
-26066.0341262440
-26066.0341262440
-26066.0341262440
-26077.7292732608
-26066.0341262440
-26086.5808540212
-26069.1997575544
-26066.0341262440
-26069.1997575544
-26066.0341262440
-26066.0341262440
-26066.0341262440
-26066.0341262440
-26076.2846007587
-26069.1997575544
-26069.1997575544
-26066.0341262440
-26078.0169553332
-26066.0341262440
-26066.0341262440
-26066.0341262440
-26066.0341262440
-26078.7317053382
-26066.0341262440
-26066.0341262440
-26066.0341262440
-26066.0341262440
-26066.0341262440
-26066.0341262440
-26066.0341262440
-26069.1997575544
-26066.0341262440
-26066.0341262440
-26078.0169553332
-26066.0341262440
-26066.0341262440
-26066.0341262440
-26078.0169553332
-26066.0341262440
-26066.0341262440
-26066.0341262440
-26066.0341262440
-26066.0341262440
-26066.0341262440
-26078.0169553332
-26066.0341262440
-26071.3522760961
-26079.4763266944
-26068.1866447858
-26068.1866447858
-26068.1866447858
-26074.1567532715
-26068.1866447858
-26068.1866447858
-26068.1866447858
-26068.1866447858
-26068.1866447858
-26067.5051490885
-26067.5051490885
-26072.9685552092
-26072.9685552092
-26072.9045279928
-26084.8873570820
-26072.9045279928
-26072.9045279928
-26072.9045279928
-26067.9016677226
-26067.9016677226
-26067.9016677226
-26067.9016677226
-26067.9016677226
-26067.9016677226
-26067.9016677226
-26067.9016677226
-26079.8844968118
-26069.1157619972
-26069.1157619972
-26072.2813933076
-26067.0775135948
-26079.0603426840
-26070.4787109765
-26067.0775135948
-26067.0775135948
-26066.5045344612
-26066.5045344612
-26078.4873635504
-26069.9057318429
-26069.6701657715
-26066.5045344612
-26066.5045344612
-26069.9057318429
-26066.5045344612
-26066.8506294130
-26070.2518267947
-26078.1403113217
-26066.8506294130
-26070.0162607234
-26066.8506294130
-26078.1403113217
-26066.8506294130
-26066.8506294130
-26066.8506294130
-26066.8506294130
-26066.8506294130
-26066.8506294130
-26078.1403113217
-26070.2518267947
-26066.8506294130
-26068.7080662968
-26080.6908953861
-26068.7080662968
-26068.7080662968
-26068.7080662968
-26068.7080662968
-26068.7080662968
-26068.7080662968
-26068.7080662968
-26072.1092636785
-26103.7165463060
-26068.7080662968
